4512478
996 996
136.5 0.25 136.5 9541.25
136.5 9541.25 137.25 9541.25
137.25 9541.25 137.25 9540.75
137.25 9540.75 136.75 9540.75
136.75 9540.75 136.75 0.25
136.75 0.25 7381.5 0.25
7381.5 0.25 7381.5 2647.25
7381.5 2647.25 7382.25 2647.25
7382.25 2647.25 7382.25 0.25
7382.25 0.25 1317.5 0.25
1317.5 0.25 1317.5 4151.25
1317.5 4151.25 1318.25 4151.25
1318.25 4151.25 1318.25 4150.75
1318.25 4150.75 1317.75 4150.75
1317.75 4150.75 1317.75 0.25
1317.75 0.25 5807.5 0.25
5807.5 0.25 5807.5 7987.25
5807.5 7987.25 5808.25 7987.25
5808.25 7987.25 5808.25 0.25
5808.25 0.25 6127.5 0.25
6127.5 0.25 6127.5 7097.25
6127.5 7097.25 6128.25 7097.25
6128.25 7097.25 6128.25 0.25
6128.25 0.25 9872.5 0.25
9872.5 0.25 9872.5 1045.25
9872.5 1045.25 9873.25 1045.25
9873.25 1045.25 9873.25 1044.75
9873.25 1044.75 9872.75 1044.75
9872.75 1044.75 9872.75 0.25
9872.75 0.25 5383.5 0.25
5383.5 0.25 5383.5 7665.25
5383.5 7665.25 5384.25 7665.25
5384.25 7665.25 5384.25 0.25
5384.25 0.25 8747.5 0.25
8747.5 0.25 8747.5 1488.25
8747.5 1488.25 8748.25 1488.25
8748.25 1488.25 8748.25 0.25
8748.25 0.25 2244.5 0.25
2244.5 0.25 2244.5 267.25
2244.5 267.25 2245.25 267.25
2245.25 267.25 2245.25 0.25
2245.25 0.25 5394.5 0.25
5394.5 0.25 5394.5 946.25
5394.5 946.25 5395.25 946.25
5395.25 946.25 5395.25 0.25
5395.25 0.25 3924.5 0.25
3924.5 0.25 3924.5 8395.25
3924.5 8395.25 3925.25 8395.25
3925.25 8395.25 3925.25 0.25
3925.25 0.25 6942.5 0.25
6942.5 0.25 6942.5 7799.25
6942.5 7799.25 6943.25 7799.25
6943.25 7799.25 6943.25 0.25
6943.25 0.25 3909.5 0.25
3909.5 0.25 3909.5 1163.25
3909.5 1163.25 3910.25 1163.25
3910.25 1163.25 3910.25 0.25
3910.25 0.25 539.5 0.25
539.5 0.25 539.5 9743.25
539.5 9743.25 540.25 9743.25
540.25 9743.25 540.25 9742.75
540.25 9742.75 539.75 9742.75
539.75 9742.75 539.75 0.25
539.75 0.25 8476.5 0.25
8476.5 0.25 8476.5 5430.25
8476.5 5430.25 8477.25 5430.25
8477.25 5430.25 8477.25 5429.75
8477.25 5429.75 8476.75 5429.75
8476.75 5429.75 8476.75 0.25
8476.75 0.25 3929.5 0.25
3929.5 0.25 3929.5 8164.25
3929.5 8164.25 3930.25 8164.25
3930.25 8164.25 3930.25 8163.75
3930.25 8163.75 3929.75 8163.75
3929.75 8163.75 3929.75 0.25
3929.75 0.25 2086.5 0.25
2086.5 0.25 2086.5 3927.25
2086.5 3927.25 2087.25 3927.25
2087.25 3927.25 2087.25 3926.75
2087.25 3926.75 2086.75 3926.75
2086.75 3926.75 2086.75 0.25
2086.75 0.25 3568.5 0.25
3568.5 0.25 3568.5 6236.25
3568.5 6236.25 3569.25 6236.25
3569.25 6236.25 3569.25 6235.75
3569.25 6235.75 3568.75 6235.75
3568.75 6235.75 3568.75 0.25
3568.75 0.25 8824.5 0.25
8824.5 0.25 8824.5 3782.25
8824.5 3782.25 8825.25 3782.25
8825.25 3782.25 8825.25 0.25
8825.25 0.25 9272.5 0.25
9272.5 0.25 9272.5 7300.25
9272.5 7300.25 9273.25 7300.25
9273.25 7300.25 9273.25 0.25
9273.25 0.25 115.5 0.25
115.5 0.25 115.5 2388.25
115.5 2388.25 116.25 2388.25
116.25 2388.25 116.25 0.25
116.25 0.25 2279.5 0.25
2279.5 0.25 2279.5 188.25
2279.5 188.25 2280.25 188.25
2280.25 188.25 2280.25 0.25
2280.25 0.25 8554.5 0.25
8554.5 0.25 8554.5 5319.25
8554.5 5319.25 8555.25 5319.25
8555.25 5319.25 8555.25 0.25
8555.25 0.25 2804.5 0.25
2804.5 0.25 2804.5 7379.25
2804.5 7379.25 2805.25 7379.25
2805.25 7379.25 2805.25 7378.75
2805.25 7378.75 2804.75 7378.75
2804.75 7378.75 2804.75 0.25
2804.75 0.25 1792.5 0.25
1792.5 0.25 1792.5 3520.25
1792.5 3520.25 1793.25 3520.25
1793.25 3520.25 1793.25 0.25
1793.25 0.25 2792.5 0.25
2792.5 0.25 2792.5 965.25
2792.5 965.25 2793.25 965.25
2793.25 965.25 2793.25 0.25
2793.25 0.25 3505.5 0.25
3505.5 0.25 3505.5 4021.25
3505.5 4021.25 3506.25 4021.25
3506.25 4021.25 3506.25 4020.75
3506.25 4020.75 3505.75 4020.75
3505.75 4020.75 3505.75 0.25
3505.75 0.25 9633.5 0.25
9633.5 0.25 9633.5 7205.25
9633.5 7205.25 9634.25 7205.25
9634.25 7205.25 9634.25 7204.75
9634.25 7204.75 9633.75 7204.75
9633.75 7204.75 9633.75 0.25
9633.75 0.25 8254.5 0.25
8254.5 0.25 8254.5 676.25
8254.5 676.25 8255.25 676.25
8255.25 676.25 8255.25 0.25
8255.25 0.25 7654.5 0.25
7654.5 0.25 7654.5 4664.25
7654.5 4664.25 7655.25 4664.25
7655.25 4664.25 7655.25 4663.75
7655.25 4663.75 7654.75 4663.75
7654.75 4663.75 7654.75 0.25
7654.75 0.25 5194.5 0.25
5194.5 0.25 5194.5 7660.25
5194.5 7660.25 5195.25 7660.25
5195.25 7660.25 5195.25 0.25
5195.25 0.25 2091.5 0.25
2091.5 0.25 2091.5 2235.25
2091.5 2235.25 2092.25 2235.25
2092.25 2235.25 2092.25 0.25
2092.25 0.25 5314.5 0.25
5314.5 0.25 5314.5 7432.25
5314.5 7432.25 5315.25 7432.25
5315.25 7432.25 5315.25 7431.75
5315.25 7431.75 5314.75 7431.75
5314.75 7431.75 5314.75 0.25
5314.75 0.25 8367.5 0.25
8367.5 0.25 8367.5 175.25
8367.5 175.25 8368.25 175.25
8368.25 175.25 8368.25 0.25
8368.25 0.25 4637.5 0.25
4637.5 0.25 4637.5 7277.25
4637.5 7277.25 4638.25 7277.25
4638.25 7277.25 4638.25 7276.75
4638.25 7276.75 4637.75 7276.75
4637.75 7276.75 4637.75 0.25
4637.75 0.25 235.5 0.25
235.5 0.25 235.5 3954.25
235.5 3954.25 236.25 3954.25
236.25 3954.25 236.25 0.25
236.25 0.25 8689.5 0.25
8689.5 0.25 8689.5 8289.25
8689.5 8289.25 8690.25 8289.25
8690.25 8289.25 8690.25 0.25
8690.25 0.25 5912.5 0.25
5912.5 0.25 5912.5 3749.25
5912.5 3749.25 5913.25 3749.25
5913.25 3749.25 5913.25 3748.75
5913.25 3748.75 5912.75 3748.75
5912.75 3748.75 5912.75 0.25
5912.75 0.25 9069.5 0.25
9069.5 0.25 9069.5 1072.25
9069.5 1072.25 9070.25 1072.25
9070.25 1072.25 9070.25 0.25
9070.25 0.25 8505.5 0.25
8505.5 0.25 8505.5 1979.25
8505.5 1979.25 8506.25 1979.25
8506.25 1979.25 8506.25 1978.75
8506.25 1978.75 8505.75 1978.75
8505.75 1978.75 8505.75 0.25
8505.75 0.25 6176.5 0.25
6176.5 0.25 6176.5 2048.25
6176.5 2048.25 6177.25 2048.25
6177.25 2048.25 6177.25 0.25
6177.25 0.25 8153.5 0.25
8153.5 0.25 8153.5 3911.25
8153.5 3911.25 8154.25 3911.25
8154.25 3911.25 8154.25 0.25
8154.25 0.25 3467.5 0.25
3467.5 0.25 3467.5 1578.25
3467.5 1578.25 3468.25 1578.25
3468.25 1578.25 3468.25 0.25
3468.25 0.25 2614.5 0.25
2614.5 0.25 2614.5 665.25
2614.5 665.25 2615.25 665.25
2615.25 665.25 2615.25 0.25
2615.25 0.25 4865.5 0.25
4865.5 0.25 4865.5 8726.25
4865.5 8726.25 4866.25 8726.25
4866.25 8726.25 4866.25 8725.75
4866.25 8725.75 4865.75 8725.75
4865.75 8725.75 4865.75 0.25
4865.75 0.25 2034.5 0.25
2034.5 0.25 2034.5 8118.25
2034.5 8118.25 2035.25 8118.25
2035.25 8118.25 2035.25 0.25
2035.25 0.25 3200.5 0.25
3200.5 0.25 3200.5 947.25
3200.5 947.25 3201.25 947.25
3201.25 947.25 3201.25 0.25
3201.25 0.25 7582.5 0.25
7582.5 0.25 7582.5 8452.25
7582.5 8452.25 7583.25 8452.25
7583.25 8452.25 7583.25 8451.75
7583.25 8451.75 7582.75 8451.75
7582.75 8451.75 7582.75 0.25
7582.75 0.25 8696.5 0.25
8696.5 0.25 8696.5 859.25
8696.5 859.25 8697.25 859.25
8697.25 859.25 8697.25 0.25
8697.25 0.25 3561.5 0.25
3561.5 0.25 3561.5 303.25
3561.5 303.25 3562.25 303.25
3562.25 303.25 3562.25 0.25
3562.25 0.25 8486.5 0.25
8486.5 0.25 8486.5 4264.25
8486.5 4264.25 8487.25 4264.25
8487.25 4264.25 8487.25 0.25
8487.25 0.25 7308.5 0.25
7308.5 0.25 7308.5 7616.25
7308.5 7616.25 7309.25 7616.25
7309.25 7616.25 7309.25 0.25
7309.25 0.25 766.5 0.25
766.5 0.25 766.5 9743.25
766.5 9743.25 767.25 9743.25
767.25 9743.25 767.25 9742.75
767.25 9742.75 766.75 9742.75
766.75 9742.75 766.75 0.25
766.75 0.25 5003.5 0.25
5003.5 0.25 5003.5 8007.25
5003.5 8007.25 5004.25 8007.25
5004.25 8007.25 5004.25 8006.75
5004.25 8006.75 5003.75 8006.75
5003.75 8006.75 5003.75 0.25
5003.75 0.25 7753.5 0.25
7753.5 0.25 7753.5 4030.25
7753.5 4030.25 7754.25 4030.25
7754.25 4030.25 7754.25 0.25
7754.25 0.25 7335.5 0.25
7335.5 0.25 7335.5 2696.25
7335.5 2696.25 7336.25 2696.25
7336.25 2696.25 7336.25 0.25
7336.25 0.25 248.5 0.25
248.5 0.25 248.5 1313.25
248.5 1313.25 249.25 1313.25
249.25 1313.25 249.25 0.25
249.25 0.25 2244.5 0.25
2244.5 0.25 2244.5 4820.25
2244.5 4820.25 2245.25 4820.25
2245.25 4820.25 2245.25 4819.75
2245.25 4819.75 2244.75 4819.75
2244.75 4819.75 2244.75 0.25
2244.75 0.25 2384.5 0.25
2384.5 0.25 2384.5 7966.25
2384.5 7966.25 2385.25 7966.25
2385.25 7966.25 2385.25 7965.75
2385.25 7965.75 2384.75 7965.75
2384.75 7965.75 2384.75 0.25
2384.75 0.25 1481.5 0.25
1481.5 0.25 1481.5 2133.25
1481.5 2133.25 1482.25 2133.25
1482.25 2133.25 1482.25 0.25
1482.25 0.25 2110.5 0.25
2110.5 0.25 2110.5 3946.25
2110.5 3946.25 2111.25 3946.25
2111.25 3946.25 2111.25 0.25
2111.25 0.25 7478.5 0.25
7478.5 0.25 7478.5 5019.25
7478.5 5019.25 7479.25 5019.25
7479.25 5019.25 7479.25 5018.75
7479.25 5018.75 7478.75 5018.75
7478.75 5018.75 7478.75 0.25
7478.75 0.25 1830.5 0.25
1830.5 0.25 1830.5 9851.25
1830.5 9851.25 1831.25 9851.25
1831.25 9851.25 1831.25 9850.75
1831.25 9850.75 1830.75 9850.75
1830.75 9850.75 1830.75 0.25
1830.75 0.25 8563.5 0.25
8563.5 0.25 8563.5 2934.25
8563.5 2934.25 8564.25 2934.25
8564.25 2934.25 8564.25 0.25
8564.25 0.25 8393.5 0.25
8393.5 0.25 8393.5 6592.25
8393.5 6592.25 8394.25 6592.25
8394.25 6592.25 8394.25 6591.75
8394.25 6591.75 8393.75 6591.75
8393.75 6591.75 8393.75 0.25
8393.75 0.25 5003.5 0.25
5003.5 0.25 5003.5 2245.25
5003.5 2245.25 5004.25 2245.25
5004.25 2245.25 5004.25 0.25
5004.25 0.25 1038.5 0.25
1038.5 0.25 1038.5 2570.25
1038.5 2570.25 1039.25 2570.25
1039.25 2570.25 1039.25 0.25
1039.25 0.25 1008.5 0.25
1008.5 0.25 1008.5 9195.25
1008.5 9195.25 1009.25 9195.25
1009.25 9195.25 1009.25 9194.75
1009.25 9194.75 1008.75 9194.75
1008.75 9194.75 1008.75 0.25
1008.75 0.25 6978.5 0.25
6978.5 0.25 6978.5 2042.25
6978.5 2042.25 6979.25 2042.25
6979.25 2042.25 6979.25 0.25
6979.25 0.25 845.5 0.25
845.5 0.25 845.5 9932.25
845.5 9932.25 846.25 9932.25
846.25 9932.25 846.25 9931.75
846.25 9931.75 845.75 9931.75
845.75 9931.75 845.75 0.25
845.75 0.25 9515.5 0.25
9515.5 0.25 9515.5 7951.25
9515.5 7951.25 9516.25 7951.25
9516.25 7951.25 9516.25 7950.75
9516.25 7950.75 9515.75 7950.75
9515.75 7950.75 9515.75 0.25
9515.75 0.25 9463.5 0.25
9463.5 0.25 9463.5 873.25
9463.5 873.25 9464.25 873.25
9464.25 873.25 9464.25 0.25
9464.25 0.25 384.5 0.25
384.5 0.25 384.5 5658.25
384.5 5658.25 385.25 5658.25
385.25 5658.25 385.25 5657.75
385.25 5657.75 384.75 5657.75
384.75 5657.75 384.75 0.25
384.75 0.25 2315.5 0.25
2315.5 0.25 2315.5 6063.25
2315.5 6063.25 2316.25 6063.25
2316.25 6063.25 2316.25 0.25
2316.25 0.25 5652.5 0.25
5652.5 0.25 5652.5 2467.25
5652.5 2467.25 5653.25 2467.25
5653.25 2467.25 5653.25 0.25
5653.25 0.25 9650.5 0.25
9650.5 0.25 9650.5 6156.25
9650.5 6156.25 9651.25 6156.25
9651.25 6156.25 9651.25 6155.75
9651.25 6155.75 9650.75 6155.75
9650.75 6155.75 9650.75 0.25
9650.75 0.25 8811.5 0.25
8811.5 0.25 8811.5 6927.25
8811.5 6927.25 8812.25 6927.25
8812.25 6927.25 8812.25 6926.75
8812.25 6926.75 8811.75 6926.75
8811.75 6926.75 8811.75 0.25
8811.75 0.25 7646.5 0.25
7646.5 0.25 7646.5 680.25
7646.5 680.25 7647.25 680.25
7647.25 680.25 7647.25 0.25
7647.25 0.25 7995.5 0.25
7995.5 0.25 7995.5 7024.25
7995.5 7024.25 7996.25 7024.25
7996.25 7024.25 7996.25 7023.75
7996.25 7023.75 7995.75 7023.75
7995.75 7023.75 7995.75 0.25
7995.75 0.25 9826.5 0.25
9826.5 0.25 9826.5 6784.25
9826.5 6784.25 9827.25 6784.25
9827.25 6784.25 9827.25 0.25
9827.25 0.25 9610.5 0.25
9610.5 0.25 9610.5 9767.25
9610.5 9767.25 9611.25 9767.25
9611.25 9767.25 9611.25 0.25
9611.25 0.25 7516.5 0.25
7516.5 0.25 7516.5 2685.25
7516.5 2685.25 7517.25 2685.25
7517.25 2685.25 7517.25 2684.75
7517.25 2684.75 7516.75 2684.75
7516.75 2684.75 7516.75 0.25
7516.75 0.25 528.5 0.25
528.5 0.25 528.5 2942.25
528.5 2942.25 529.25 2942.25
529.25 2942.25 529.25 2941.75
529.25 2941.75 528.75 2941.75
528.75 2941.75 528.75 0.25
528.75 0.25 404.5 0.25
404.5 0.25 404.5 1150.25
404.5 1150.25 405.25 1150.25
405.25 1150.25 405.25 1149.75
405.25 1149.75 404.75 1149.75
404.75 1149.75 404.75 0.25
404.75 0.25 780.5 0.25
780.5 0.25 780.5 6891.25
780.5 6891.25 781.25 6891.25
781.25 6891.25 781.25 0.25
781.25 0.25 2291.5 0.25
2291.5 0.25 2291.5 9769.25
2291.5 9769.25 2292.25 9769.25
2292.25 9769.25 2292.25 9768.75
2292.25 9768.75 2291.75 9768.75
2291.75 9768.75 2291.75 0.25
2291.75 0.25 5308.5 0.25
5308.5 0.25 5308.5 9487.25
5308.5 9487.25 5309.25 9487.25
5309.25 9487.25 5309.25 0.25
5309.25 0.25 969.5 0.25
969.5 0.25 969.5 2692.25
969.5 2692.25 970.25 2692.25
970.25 2692.25 970.25 0.25
970.25 0.25 5980.5 0.25
5980.5 0.25 5980.5 1497.25
5980.5 1497.25 5981.25 1497.25
5981.25 1497.25 5981.25 0.25
5981.25 0.25 8193.5 0.25
8193.5 0.25 8193.5 8988.25
8193.5 8988.25 8194.25 8988.25
8194.25 8988.25 8194.25 8987.75
8194.25 8987.75 8193.75 8987.75
8193.75 8987.75 8193.75 0.25
8193.75 0.25 9885.5 0.25
9885.5 0.25 9885.5 322.25
9885.5 322.25 9886.25 322.25
9886.25 322.25 9886.25 0.25
9886.25 0.25 604.5 0.25
604.5 0.25 604.5 802.25
604.5 802.25 605.25 802.25
605.25 802.25 605.25 801.75
605.25 801.75 604.75 801.75
604.75 801.75 604.75 0.25
604.75 0.25 1800.5 0.25
1800.5 0.25 1800.5 9928.25
1800.5 9928.25 1801.25 9928.25
1801.25 9928.25 1801.25 9927.75
1801.25 9927.75 1800.75 9927.75
1800.75 9927.75 1800.75 0.25
1800.75 0.25 1750.5 0.25
1750.5 0.25 1750.5 8653.25
1750.5 8653.25 1751.25 8653.25
1751.25 8653.25 1751.25 0.25
1751.25 0.25 5098.5 0.25
5098.5 0.25 5098.5 4399.25
5098.5 4399.25 5099.25 4399.25
5099.25 4399.25 5099.25 4398.75
5099.25 4398.75 5098.75 4398.75
5098.75 4398.75 5098.75 0.25
5098.75 0.25 7842.5 0.25
7842.5 0.25 7842.5 2680.25
7842.5 2680.25 7843.25 2680.25
7843.25 2680.25 7843.25 0.25
7843.25 0.25 7357.5 0.25
7357.5 0.25 7357.5 2323.25
7357.5 2323.25 7358.25 2323.25
7358.25 2323.25 7358.25 0.25
7358.25 0.25 5673.5 0.25
5673.5 0.25 5673.5 8224.25
5673.5 8224.25 5674.25 8224.25
5674.25 8224.25 5674.25 0.25
5674.25 0.25 9545.5 0.25
9545.5 0.25 9545.5 1105.25
9545.5 1105.25 9546.25 1105.25
9546.25 1105.25 9546.25 0.25
9546.25 0.25 6364.5 0.25
6364.5 0.25 6364.5 1331.25
6364.5 1331.25 6365.25 1331.25
6365.25 1331.25 6365.25 0.25
6365.25 0.25 1543.5 0.25
1543.5 0.25 1543.5 2098.25
1543.5 2098.25 1544.25 2098.25
1544.25 2098.25 1544.25 0.25
1544.25 0.25 8362.5 0.25
8362.5 0.25 8362.5 6872.25
8362.5 6872.25 8363.25 6872.25
8363.25 6872.25 8363.25 6871.75
8363.25 6871.75 8362.75 6871.75
8362.75 6871.75 8362.75 0.25
8362.75 0.25 1560.5 0.25
1560.5 0.25 1560.5 7094.25
1560.5 7094.25 1561.25 7094.25
1561.25 7094.25 1561.25 0.25
1561.25 0.25 717.5 0.25
717.5 0.25 717.5 756.25
717.5 756.25 718.25 756.25
718.25 756.25 718.25 0.25
718.25 0.25 2662.5 0.25
2662.5 0.25 2662.5 470.25
2662.5 470.25 2663.25 470.25
2663.25 470.25 2663.25 0.25
2663.25 0.25 4094.5 0.25
4094.5 0.25 4094.5 6434.25
4094.5 6434.25 4095.25 6434.25
4095.25 6434.25 4095.25 6433.75
4095.25 6433.75 4094.75 6433.75
4094.75 6433.75 4094.75 0.25
4094.75 0.25 8461.5 0.25
8461.5 0.25 8461.5 2042.25
8461.5 2042.25 8462.25 2042.25
8462.25 2042.25 8462.25 0.25
8462.25 0.25 6100.5 0.25
6100.5 0.25 6100.5 1518.25
6100.5 1518.25 6101.25 1518.25
6101.25 1518.25 6101.25 0.25
6101.25 0.25 3857.5 0.25
3857.5 0.25 3857.5 9124.25
3857.5 9124.25 3858.25 9124.25
3858.25 9124.25 3858.25 9123.75
3858.25 9123.75 3857.75 9123.75
3857.75 9123.75 3857.75 0.25
3857.75 0.25 7297.5 0.25
7297.5 0.25 7297.5 1891.25
7297.5 1891.25 7298.25 1891.25
7298.25 1891.25 7298.25 0.25
7298.25 0.25 9949.5 0.25
9949.5 0.25 9949.5 3073.25
9949.5 3073.25 9950.25 3073.25
9950.25 3073.25 9950.25 0.25
9950.25 0.25 4010.5 0.25
4010.5 0.25 4010.5 2807.25
4010.5 2807.25 4011.25 2807.25
4011.25 2807.25 4011.25 0.25
4011.25 0.25 7562.5 0.25
7562.5 0.25 7562.5 4037.25
7562.5 4037.25 7563.25 4037.25
7563.25 4037.25 7563.25 0.25
7563.25 0.25 8765.5 0.25
8765.5 0.25 8765.5 2971.25
8765.5 2971.25 8766.25 2971.25
8766.25 2971.25 8766.25 0.25
8766.25 0.25 3300.5 0.25
3300.5 0.25 3300.5 6939.25
3300.5 6939.25 3301.25 6939.25
3301.25 6939.25 3301.25 0.25
3301.25 0.25 7854.5 0.25
7854.5 0.25 7854.5 4519.25
7854.5 4519.25 7855.25 4519.25
7855.25 4519.25 7855.25 4518.75
7855.25 4518.75 7854.75 4518.75
7854.75 4518.75 7854.75 0.25
7854.75 0.25 5826.5 0.25
5826.5 0.25 5826.5 1322.25
5826.5 1322.25 5827.25 1322.25
5827.25 1322.25 5827.25 0.25
5827.25 0.25 8162.5 0.25
8162.5 0.25 8162.5 4399.25
8162.5 4399.25 8163.25 4399.25
8163.25 4399.25 8163.25 0.25
8163.25 0.25 7101.5 0.25
7101.5 0.25 7101.5 613.25
7101.5 613.25 7102.25 613.25
7102.25 613.25 7102.25 612.75
7102.25 612.75 7101.75 612.75
7101.75 612.75 7101.75 0.25
7101.75 0.25 518.5 0.25
518.5 0.25 518.5 1831.25
518.5 1831.25 519.25 1831.25
519.25 1831.25 519.25 1830.75
519.25 1830.75 518.75 1830.75
518.75 1830.75 518.75 0.25
518.75 0.25 1709.5 0.25
1709.5 0.25 1709.5 4465.25
1709.5 4465.25 1710.25 4465.25
1710.25 4465.25 1710.25 0.25
1710.25 0.25 251.5 0.25
251.5 0.25 251.5 9733.25
251.5 9733.25 252.25 9733.25
252.25 9733.25 252.25 9732.75
252.25 9732.75 251.75 9732.75
251.75 9732.75 251.75 0.25
251.75 0.25 9765.5 0.25
9765.5 0.25 9765.5 8177.25
9765.5 8177.25 9766.25 8177.25
9766.25 8177.25 9766.25 8176.75
9766.25 8176.75 9765.75 8176.75
9765.75 8176.75 9765.75 0.25
9765.75 0.25 4068.5 0.25
4068.5 0.25 4068.5 1164.25
4068.5 1164.25 4069.25 1164.25
4069.25 1164.25 4069.25 0.25
4069.25 0.25 3280.5 0.25
3280.5 0.25 3280.5 4336.25
3280.5 4336.25 3281.25 4336.25
3281.25 4336.25 3281.25 0.25
3281.25 0.25 5733.5 0.25
5733.5 0.25 5733.5 3218.25
5733.5 3218.25 5734.25 3218.25
5734.25 3218.25 5734.25 0.25
5734.25 0.25 2539.5 0.25
2539.5 0.25 2539.5 1090.25
2539.5 1090.25 2540.25 1090.25
2540.25 1090.25 2540.25 0.25
2540.25 0.25 9858.5 0.25
9858.5 0.25 9858.5 2046.25
9858.5 2046.25 9859.25 2046.25
9859.25 2046.25 9859.25 0.25
9859.25 0.25 7984.5 0.25
7984.5 0.25 7984.5 4392.25
7984.5 4392.25 7985.25 4392.25
7985.25 4392.25 7985.25 0.25
7985.25 0.25 1464.5 0.25
1464.5 0.25 1464.5 1276.25
1464.5 1276.25 1465.25 1276.25
1465.25 1276.25 1465.25 0.25
1465.25 0.25 4149.5 0.25
4149.5 0.25 4149.5 2865.25
4149.5 2865.25 4150.25 2865.25
4150.25 2865.25 4150.25 0.25
4150.25 0.25 7167.5 0.25
7167.5 0.25 7167.5 3092.25
7167.5 3092.25 7168.25 3092.25
7168.25 3092.25 7168.25 0.25
7168.25 0.25 4278.5 0.25
4278.5 0.25 4278.5 3582.25
4278.5 3582.25 4279.25 3582.25
4279.25 3582.25 4279.25 3581.75
4279.25 3581.75 4278.75 3581.75
4278.75 3581.75 4278.75 0.25
4278.75 0.25 2412.5 0.25
2412.5 0.25 2412.5 3562.25
2412.5 3562.25 2413.25 3562.25
2413.25 3562.25 2413.25 0.25
2413.25 0.25 2413.5 0.25
2413.5 0.25 2413.5 521.25
2413.5 521.25 2414.25 521.25
2414.25 521.25 2414.25 0.25
2414.25 0.25 696.5 0.25
696.5 0.25 696.5 2450.25
696.5 2450.25 697.25 2450.25
697.25 2450.25 697.25 0.25
697.25 0.25 1457.5 0.25
1457.5 0.25 1457.5 4326.25
1457.5 4326.25 1458.25 4326.25
1458.25 4326.25 1458.25 0.25
1458.25 0.25 1466.5 0.25
1466.5 0.25 1466.5 522.25
1466.5 522.25 1467.25 522.25
1467.25 522.25 1467.25 0.25
1467.25 0.25 400.5 0.25
400.5 0.25 400.5 4683.25
400.5 4683.25 401.25 4683.25
401.25 4683.25 401.25 4682.75
401.25 4682.75 400.75 4682.75
400.75 4682.75 400.75 0.25
400.75 0.25 2092.5 0.25
2092.5 0.25 2092.5 9698.25
2092.5 9698.25 2093.25 9698.25
2093.25 9698.25 2093.25 9697.75
2093.25 9697.75 2092.75 9697.75
2092.75 9697.75 2092.75 0.25
2092.75 0.25 7696.5 0.25
7696.5 0.25 7696.5 9949.25
7696.5 9949.25 7697.25 9949.25
7697.25 9949.25 7697.25 0.25
7697.25 0.25 8879.5 0.25
8879.5 0.25 8879.5 2539.25
8879.5 2539.25 8880.25 2539.25
8880.25 2539.25 8880.25 0.25
8880.25 0.25 3929.5 0.25
3929.5 0.25 3929.5 7101.25
3929.5 7101.25 3930.25 7101.25
3930.25 7101.25 3930.25 0.25
3930.25 0.25 5568.5 0.25
5568.5 0.25 5568.5 2173.25
5568.5 2173.25 5569.25 2173.25
5569.25 2173.25 5569.25 0.25
5569.25 0.25 606.5 0.25
606.5 0.25 606.5 2232.25
606.5 2232.25 607.25 2232.25
607.25 2232.25 607.25 0.25
607.25 0.25 6069.5 0.25
6069.5 0.25 6069.5 637.25
6069.5 637.25 6070.25 637.25
6070.25 637.25 6070.25 0.25
6070.25 0.25 7299.5 0.25
7299.5 0.25 7299.5 525.25
7299.5 525.25 7300.25 525.25
7300.25 525.25 7300.25 0.25
7300.25 0.25 1855.5 0.25
1855.5 0.25 1855.5 3671.25
1855.5 3671.25 1856.25 3671.25
1856.25 3671.25 1856.25 0.25
1856.25 0.25 1264.5 0.25
1264.5 0.25 1264.5 5763.25
1264.5 5763.25 1265.25 5763.25
1265.25 5763.25 1265.25 0.25
1265.25 0.25 135.5 0.25
135.5 0.25 135.5 978.25
135.5 978.25 136.25 978.25
136.25 978.25 136.25 0.25
136.25 0.25 251.5 0.25
251.5 0.25 251.5 3801.25
251.5 3801.25 252.25 3801.25
252.25 3801.25 252.25 3800.75
252.25 3800.75 251.75 3800.75
251.75 3800.75 251.75 0.25
251.75 0.25 1315.5 0.25
1315.5 0.25 1315.5 8677.25
1315.5 8677.25 1316.25 8677.25
1316.25 8677.25 1316.25 8676.75
1316.25 8676.75 1315.75 8676.75
1315.75 8676.75 1315.75 0.25
1315.75 0.25 5418.5 0.25
5418.5 0.25 5418.5 3317.25
5418.5 3317.25 5419.25 3317.25
5419.25 3317.25 5419.25 3316.75
5419.25 3316.75 5418.75 3316.75
5418.75 3316.75 5418.75 0.25
5418.75 0.25 6338.5 0.25
6338.5 0.25 6338.5 7265.25
6338.5 7265.25 6339.25 7265.25
6339.25 7265.25 6339.25 7264.75
6339.25 7264.75 6338.75 7264.75
6338.75 7264.75 6338.75 0.25
6338.75 0.25 736.5 0.25
736.5 0.25 736.5 2535.25
736.5 2535.25 737.25 2535.25
737.25 2535.25 737.25 0.25
737.25 0.25 8350.5 0.25
8350.5 0.25 8350.5 8920.25
8350.5 8920.25 8351.25 8920.25
8351.25 8920.25 8351.25 0.25
8351.25 0.25 1849.5 0.25
1849.5 0.25 1849.5 4651.25
1849.5 4651.25 1850.25 4651.25
1850.25 4651.25 1850.25 4650.75
1850.25 4650.75 1849.75 4650.75
1849.75 4650.75 1849.75 0.25
1849.75 0.25 9267.5 0.25
9267.5 0.25 9267.5 367.25
9267.5 367.25 9268.25 367.25
9268.25 367.25 9268.25 0.25
9268.25 0.25 1988.5 0.25
1988.5 0.25 1988.5 3775.25
1988.5 3775.25 1989.25 3775.25
1989.25 3775.25 1989.25 0.25
1989.25 0.25 4133.5 0.25
4133.5 0.25 4133.5 7951.25
4133.5 7951.25 4134.25 7951.25
4134.25 7951.25 4134.25 0.25
4134.25 0.25 2352.5 0.25
2352.5 0.25 2352.5 7213.25
2352.5 7213.25 2353.25 7213.25
2353.25 7213.25 2353.25 7212.75
2353.25 7212.75 2352.75 7212.75
2352.75 7212.75 2352.75 0.25
2352.75 0.25 5252.5 0.25
5252.5 0.25 5252.5 2266.25
5252.5 2266.25 5253.25 2266.25
5253.25 2266.25 5253.25 0.25
5253.25 0.25 6560.5 0.25
6560.5 0.25 6560.5 9532.25
6560.5 9532.25 6561.25 9532.25
6561.25 9532.25 6561.25 0.25
6561.25 0.25 1627.5 0.25
1627.5 0.25 1627.5 8518.25
1627.5 8518.25 1628.25 8518.25
1628.25 8518.25 1628.25 8517.75
1628.25 8517.75 1627.75 8517.75
1627.75 8517.75 1627.75 0.25
1627.75 0.25 8360.5 0.25
8360.5 0.25 8360.5 8983.25
8360.5 8983.25 8361.25 8983.25
8361.25 8983.25 8361.25 0.25
8361.25 0.25 3376.5 0.25
3376.5 0.25 3376.5 3472.25
3376.5 3472.25 3377.25 3472.25
3377.25 3472.25 3377.25 3471.75
3377.25 3471.75 3376.75 3471.75
3376.75 3471.75 3376.75 0.25
3376.75 0.25 5303.5 0.25
5303.5 0.25 5303.5 9062.25
5303.5 9062.25 5304.25 9062.25
5304.25 9062.25 5304.25 0.25
5304.25 0.25 9797.5 0.25
9797.5 0.25 9797.5 2484.25
9797.5 2484.25 9798.25 2484.25
9798.25 2484.25 9798.25 0.25
9798.25 0.25 1505.5 0.25
1505.5 0.25 1505.5 4688.25
1505.5 4688.25 1506.25 4688.25
1506.25 4688.25 1506.25 4687.75
1506.25 4687.75 1505.75 4687.75
1505.75 4687.75 1505.75 0.25
1505.75 0.25 8709.5 0.25
8709.5 0.25 8709.5 6340.25
8709.5 6340.25 8710.25 6340.25
8710.25 6340.25 8710.25 0.25
8710.25 0.25 9735.5 0.25
9735.5 0.25 9735.5 492.25
9735.5 492.25 9736.25 492.25
9736.25 492.25 9736.25 0.25
9736.25 0.25 4420.5 0.25
4420.5 0.25 4420.5 5596.25
4420.5 5596.25 4421.25 5596.25
4421.25 5596.25 4421.25 0.25
4421.25 0.25 541.5 0.25
541.5 0.25 541.5 3451.25
541.5 3451.25 542.25 3451.25
542.25 3451.25 542.25 0.25
542.25 0.25 9959.5 0.25
9959.5 0.25 9959.5 285.25
9959.5 285.25 9960.25 285.25
9960.25 285.25 9960.25 0.25
9960.25 0.25 343.5 0.25
343.5 0.25 343.5 7066.25
343.5 7066.25 344.25 7066.25
344.25 7066.25 344.25 7065.75
344.25 7065.75 343.75 7065.75
343.75 7065.75 343.75 0.25
343.75 0.25 1059.5 0.25
1059.5 0.25 1059.5 3799.25
1059.5 3799.25 1060.25 3799.25
1060.25 3799.25 1060.25 3798.75
1060.25 3798.75 1059.75 3798.75
1059.75 3798.75 1059.75 0.25
1059.75 0.25 418.5 0.25
418.5 0.25 418.5 1400.25
418.5 1400.25 419.25 1400.25
419.25 1400.25 419.25 0.25
419.25 0.25 62.5 0.25
62.5 0.25 62.5 8468.25
62.5 8468.25 63.25 8468.25
63.25 8468.25 63.25 0.25
63.25 0.25 8236.5 0.25
8236.5 0.25 8236.5 3608.25
8236.5 3608.25 8237.25 3608.25
8237.25 3608.25 8237.25 0.25
8237.25 0.25 4143.5 0.25
4143.5 0.25 4143.5 6484.25
4143.5 6484.25 4144.25 6484.25
4144.25 6484.25 4144.25 0.25
4144.25 0.25 8051.5 0.25
8051.5 0.25 8051.5 1630.25
8051.5 1630.25 8052.25 1630.25
8052.25 1630.25 8052.25 0.25
8052.25 0.25 2862.5 0.25
2862.5 0.25 2862.5 1510.25
2862.5 1510.25 2863.25 1510.25
2863.25 1510.25 2863.25 0.25
2863.25 0.25 295.5 0.25
295.5 0.25 295.5 9426.25
295.5 9426.25 296.25 9426.25
296.25 9426.25 296.25 0.25
296.25 0.25 9106.5 0.25
9106.5 0.25 9106.5 8023.25
9106.5 8023.25 9107.25 8023.25
9107.25 8023.25 9107.25 8022.75
9107.25 8022.75 9106.75 8022.75
9106.75 8022.75 9106.75 0.25
9106.75 0.25 2876.5 0.25
2876.5 0.25 2876.5 4048.25
2876.5 4048.25 2877.25 4048.25
2877.25 4048.25 2877.25 0.25
2877.25 0.25 8314.5 0.25
8314.5 0.25 8314.5 4548.25
8314.5 4548.25 8315.25 4548.25
8315.25 4548.25 8315.25 0.25
8315.25 0.25 4157.5 0.25
4157.5 0.25 4157.5 8892.25
4157.5 8892.25 4158.25 8892.25
4158.25 8892.25 4158.25 8891.75
4158.25 8891.75 4157.75 8891.75
4157.75 8891.75 4157.75 0.25
4157.75 0.25 3528.5 0.25
3528.5 0.25 3528.5 2711.25
3528.5 2711.25 3529.25 2711.25
3529.25 2711.25 3529.25 0.25
3529.25 0.25 3178.5 0.25
3178.5 0.25 3178.5 1681.25
3178.5 1681.25 3179.25 1681.25
3179.25 1681.25 3179.25 0.25
3179.25 0.25 4000.5 0.25
4000.5 0.25 4000.5 6822.25
4000.5 6822.25 4001.25 6822.25
4001.25 6822.25 4001.25 0.25
4001.25 0.25 1731.5 0.25
1731.5 0.25 1731.5 1071.25
1731.5 1071.25 1732.25 1071.25
1732.25 1071.25 1732.25 0.25
1732.25 0.25 9856.5 0.25
9856.5 0.25 9856.5 8118.25
9856.5 8118.25 9857.25 8118.25
9857.25 8118.25 9857.25 8117.75
9857.25 8117.75 9856.75 8117.75
9856.75 8117.75 9856.75 0.25
9856.75 0.25 1198.5 0.25
1198.5 0.25 1198.5 5437.25
1198.5 5437.25 1199.25 5437.25
1199.25 5437.25 1199.25 5436.75
1199.25 5436.75 1198.75 5436.75
1198.75 5436.75 1198.75 0.25
1198.75 0.25 1399.5 0.25
1399.5 0.25 1399.5 730.25
1399.5 730.25 1400.25 730.25
1400.25 730.25 1400.25 0.25
1400.25 0.25 3081.5 0.25
3081.5 0.25 3081.5 6343.25
3081.5 6343.25 3082.25 6343.25
3082.25 6343.25 3082.25 6342.75
3082.25 6342.75 3081.75 6342.75
3081.75 6342.75 3081.75 0.25
3081.75 0.25 661.5 0.25
661.5 0.25 661.5 4307.25
661.5 4307.25 662.25 4307.25
662.25 4307.25 662.25 0.25
662.25 0.25 5543.5 0.25
5543.5 0.25 5543.5 6285.25
5543.5 6285.25 5544.25 6285.25
5544.25 6285.25 5544.25 0.25
5544.25 0.25 2500.5 0.25
2500.5 0.25 2500.5 1844.25
2500.5 1844.25 2501.25 1844.25
2501.25 1844.25 2501.25 0.25
2501.25 0.25 2364.5 0.25
2364.5 0.25 2364.5 4566.25
2364.5 4566.25 2365.25 4566.25
2365.25 4566.25 2365.25 4565.75
2365.25 4565.75 2364.75 4565.75
2364.75 4565.75 2364.75 0.25
2364.75 0.25 817.5 0.25
817.5 0.25 817.5 406.25
817.5 406.25 818.25 406.25
818.25 406.25 818.25 0.25
818.25 0.25 3458.5 0.25
3458.5 0.25 3458.5 2702.25
3458.5 2702.25 3459.25 2702.25
3459.25 2702.25 3459.25 0.25
3459.25 0.25 8930.5 0.25
8930.5 0.25 8930.5 8834.25
8930.5 8834.25 8931.25 8834.25
8931.25 8834.25 8931.25 0.25
8931.25 0.25 359.5 0.25
359.5 0.25 359.5 8852.25
359.5 8852.25 360.25 8852.25
360.25 8852.25 360.25 0.25
360.25 0.25 7507.5 0.25
7507.5 0.25 7507.5 2650.25
7507.5 2650.25 7508.25 2650.25
7508.25 2650.25 7508.25 0.25
7508.25 0.25 5754.5 0.25
5754.5 0.25 5754.5 2593.25
5754.5 2593.25 5755.25 2593.25
5755.25 2593.25 5755.25 0.25
5755.25 0.25 8435.5 0.25
8435.5 0.25 8435.5 583.25
8435.5 583.25 8436.25 583.25
8436.25 583.25 8436.25 0.25
8436.25 0.25 3074.5 0.25
3074.5 0.25 3074.5 5596.25
3074.5 5596.25 3075.25 5596.25
3075.25 5596.25 3075.25 5595.75
3075.25 5595.75 3074.75 5595.75
3074.75 5595.75 3074.75 0.25
3074.75 0.25 2393.5 0.25
2393.5 0.25 2393.5 9388.25
2393.5 9388.25 2394.25 9388.25
2394.25 9388.25 2394.25 9387.75
2394.25 9387.75 2393.75 9387.75
2393.75 9387.75 2393.75 0.25
2393.75 0.25 9868.5 0.25
9868.5 0.25 9868.5 2538.25
9868.5 2538.25 9869.25 2538.25
9869.25 2538.25 9869.25 0.25
9869.25 0.25 1294.5 0.25
1294.5 0.25 1294.5 4189.25
1294.5 4189.25 1295.25 4189.25
1295.25 4189.25 1295.25 0.25
1295.25 0.25 2362.5 0.25
2362.5 0.25 2362.5 2256.25
2362.5 2256.25 2363.25 2256.25
2363.25 2256.25 2363.25 2255.75
2363.25 2255.75 2362.75 2255.75
2362.75 2255.75 2362.75 0.25
2362.75 0.25 1499.5 0.25
1499.5 0.25 1499.5 515.25
1499.5 515.25 1500.25 515.25
1500.25 515.25 1500.25 0.25
1500.25 0.25 5167.5 0.25
5167.5 0.25 5167.5 8212.25
5167.5 8212.25 5168.25 8212.25
5168.25 8212.25 5168.25 8211.75
5168.25 8211.75 5167.75 8211.75
5167.75 8211.75 5167.75 0.25
5167.75 0.25 136.5 0.25
