6277312
996 996
8560.5 0.25 8560.5 1139.25
8560.5 1139.25 8561.25 1139.25
8561.25 1139.25 8561.25 0.25
8561.25 0.25 1994.5 0.25
1994.5 0.25 1994.5 3657.25
1994.5 3657.25 1995.25 3657.25
1995.25 3657.25 1995.25 0.25
1995.25 0.25 2144.5 0.25
2144.5 0.25 2144.5 6612.25
2144.5 6612.25 2145.25 6612.25
2145.25 6612.25 2145.25 0.25
2145.25 0.25 5903.5 0.25
5903.5 0.25 5903.5 8540.25
5903.5 8540.25 5904.25 8540.25
5904.25 8540.25 5904.25 8539.75
5904.25 8539.75 5903.75 8539.75
5903.75 8539.75 5903.75 0.25
5903.75 0.25 1633.5 0.25
1633.5 0.25 1633.5 8109.25
1633.5 8109.25 1634.25 8109.25
1634.25 8109.25 1634.25 8108.75
1634.25 8108.75 1633.75 8108.75
1633.75 8108.75 1633.75 0.25
1633.75 0.25 6254.5 0.25
6254.5 0.25 6254.5 7369.25
6254.5 7369.25 6255.25 7369.25
6255.25 7369.25 6255.25 7368.75
6255.25 7368.75 6254.75 7368.75
6254.75 7368.75 6254.75 0.25
6254.75 0.25 1917.5 0.25
1917.5 0.25 1917.5 7096.25
1917.5 7096.25 1918.25 7096.25
1918.25 7096.25 1918.25 0.25
1918.25 0.25 9850.5 0.25
9850.5 0.25 9850.5 1195.25
9850.5 1195.25 9851.25 1195.25
9851.25 1195.25 9851.25 0.25
9851.25 0.25 4656.5 0.25
4656.5 0.25 4656.5 724.25
4656.5 724.25 4657.25 724.25
4657.25 724.25 4657.25 0.25
4657.25 0.25 6616.5 0.25
6616.5 0.25 6616.5 7539.25
6616.5 7539.25 6617.25 7539.25
6617.25 7539.25 6617.25 7538.75
6617.25 7538.75 6616.75 7538.75
6616.75 7538.75 6616.75 0.25
6616.75 0.25 7084.5 0.25
7084.5 0.25 7084.5 8551.25
7084.5 8551.25 7085.25 8551.25
7085.25 8551.25 7085.25 8550.75
7085.25 8550.75 7084.75 8550.75
7084.75 8550.75 7084.75 0.25
7084.75 0.25 4274.5 0.25
4274.5 0.25 4274.5 694.25
4274.5 694.25 4275.25 694.25
4275.25 694.25 4275.25 0.25
4275.25 0.25 9712.5 0.25
9712.5 0.25 9712.5 1768.25
9712.5 1768.25 9713.25 1768.25
9713.25 1768.25 9713.25 0.25
9713.25 0.25 1994.5 0.25
1994.5 0.25 1994.5 9649.25
1994.5 9649.25 1995.25 9649.25
1995.25 9649.25 1995.25 9648.75
1995.25 9648.75 1994.75 9648.75
1994.75 9648.75 1994.75 0.25
1994.75 0.25 182.5 0.25
182.5 0.25 182.5 174.25
182.5 174.25 183.25 174.25
183.25 174.25 183.25 0.25
183.25 0.25 2176.5 0.25
2176.5 0.25 2176.5 5627.25
2176.5 5627.25 2177.25 5627.25
2177.25 5627.25 2177.25 5626.75
2177.25 5626.75 2176.75 5626.75
2176.75 5626.75 2176.75 0.25
2176.75 0.25 4076.5 0.25
4076.5 0.25 4076.5 6164.25
4076.5 6164.25 4077.25 6164.25
4077.25 6164.25 4077.25 0.25
4077.25 0.25 9903.5 0.25
9903.5 0.25 9903.5 7442.25
9903.5 7442.25 9904.25 7442.25
9904.25 7442.25 9904.25 7441.75
9904.25 7441.75 9903.75 7441.75
9903.75 7441.75 9903.75 0.25
9903.75 0.25 2002.5 0.25
2002.5 0.25 2002.5 3098.25
2002.5 3098.25 2003.25 3098.25
2003.25 3098.25 2003.25 0.25
2003.25 0.25 2953.5 0.25
2953.5 0.25 2953.5 8006.25
2953.5 8006.25 2954.25 8006.25
2954.25 8006.25 2954.25 8005.75
2954.25 8005.75 2953.75 8005.75
2953.75 8005.75 2953.75 0.25
2953.75 0.25 4449.5 0.25
4449.5 0.25 4449.5 4631.25
4449.5 4631.25 4450.25 4631.25
4450.25 4631.25 4450.25 0.25
4450.25 0.25 3182.5 0.25
3182.5 0.25 3182.5 233.25
3182.5 233.25 3183.25 233.25
3183.25 233.25 3183.25 0.25
3183.25 0.25 2877.5 0.25
2877.5 0.25 2877.5 7328.25
2877.5 7328.25 2878.25 7328.25
2878.25 7328.25 2878.25 0.25
2878.25 0.25 1779.5 0.25
1779.5 0.25 1779.5 7073.25
1779.5 7073.25 1780.25 7073.25
1780.25 7073.25 1780.25 0.25
1780.25 0.25 3607.5 0.25
3607.5 0.25 3607.5 7589.25
3607.5 7589.25 3608.25 7589.25
3608.25 7589.25 3608.25 7588.75
3608.25 7588.75 3607.75 7588.75
3607.75 7588.75 3607.75 0.25
3607.75 0.25 2066.5 0.25
2066.5 0.25 2066.5 3379.25
2066.5 3379.25 2067.25 3379.25
2067.25 3379.25 2067.25 0.25
2067.25 0.25 2224.5 0.25
2224.5 0.25 2224.5 2462.25
2224.5 2462.25 2225.25 2462.25
2225.25 2462.25 2225.25 0.25
2225.25 0.25 1376.5 0.25
1376.5 0.25 1376.5 9153.25
1376.5 9153.25 1377.25 9153.25
1377.25 9153.25 1377.25 9152.75
1377.25 9152.75 1376.75 9152.75
1376.75 9152.75 1376.75 0.25
1376.75 0.25 3904.5 0.25
3904.5 0.25 3904.5 3530.25
3904.5 3530.25 3905.25 3530.25
3905.25 3530.25 3905.25 3529.75
3905.25 3529.75 3904.75 3529.75
3904.75 3529.75 3904.75 0.25
3904.75 0.25 7946.5 0.25
7946.5 0.25 7946.5 208.25
7946.5 208.25 7947.25 208.25
7947.25 208.25 7947.25 0.25
7947.25 0.25 4337.5 0.25
4337.5 0.25 4337.5 146.25
4337.5 146.25 4338.25 146.25
4338.25 146.25 4338.25 0.25
4338.25 0.25 232.5 0.25
232.5 0.25 232.5 1331.25
232.5 1331.25 233.25 1331.25
233.25 1331.25 233.25 0.25
233.25 0.25 1039.5 0.25
1039.5 0.25 1039.5 7894.25
1039.5 7894.25 1040.25 7894.25
1040.25 7894.25 1040.25 7893.75
1040.25 7893.75 1039.75 7893.75
1039.75 7893.75 1039.75 0.25
1039.75 0.25 666.5 0.25
666.5 0.25 666.5 6575.25
666.5 6575.25 667.25 6575.25
667.25 6575.25 667.25 6574.75
667.25 6574.75 666.75 6574.75
666.75 6574.75 666.75 0.25
666.75 0.25 3771.5 0.25
3771.5 0.25 3771.5 8397.25
3771.5 8397.25 3772.25 8397.25
3772.25 8397.25 3772.25 0.25
3772.25 0.25 5287.5 0.25
5287.5 0.25 5287.5 8916.25
5287.5 8916.25 5288.25 8916.25
5288.25 8916.25 5288.25 0.25
5288.25 0.25 4523.5 0.25
4523.5 0.25 4523.5 3009.25
4523.5 3009.25 4524.25 3009.25
4524.25 3009.25 4524.25 0.25
4524.25 0.25 1745.5 0.25
1745.5 0.25 1745.5 4808.25
1745.5 4808.25 1746.25 4808.25
1746.25 4808.25 1746.25 0.25
1746.25 0.25 8148.5 0.25
8148.5 0.25 8148.5 8413.25
8148.5 8413.25 8149.25 8413.25
8149.25 8413.25 8149.25 0.25
8149.25 0.25 6479.5 0.25
6479.5 0.25 6479.5 6177.25
6479.5 6177.25 6480.25 6177.25
6480.25 6177.25 6480.25 0.25
6480.25 0.25 8004.5 0.25
8004.5 0.25 8004.5 1988.25
8004.5 1988.25 8005.25 1988.25
8005.25 1988.25 8005.25 1987.75
8005.25 1987.75 8004.75 1987.75
8004.75 1987.75 8004.75 0.25
8004.75 0.25 7383.5 0.25
7383.5 0.25 7383.5 2299.25
7383.5 2299.25 7384.25 2299.25
7384.25 2299.25 7384.25 0.25
7384.25 0.25 7532.5 0.25
7532.5 0.25 7532.5 6241.25
7532.5 6241.25 7533.25 6241.25
7533.25 6241.25 7533.25 0.25
7533.25 0.25 2296.5 0.25
2296.5 0.25 2296.5 8680.25
2296.5 8680.25 2297.25 8680.25
2297.25 8680.25 2297.25 0.25
2297.25 0.25 4612.5 0.25
4612.5 0.25 4612.5 5676.25
4612.5 5676.25 4613.25 5676.25
4613.25 5676.25 4613.25 0.25
4613.25 0.25 806.5 0.25
806.5 0.25 806.5 5920.25
806.5 5920.25 807.25 5920.25
807.25 5920.25 807.25 0.25
807.25 0.25 5629.5 0.25
5629.5 0.25 5629.5 8295.25
5629.5 8295.25 5630.25 8295.25
5630.25 8295.25 5630.25 8294.75
5630.25 8294.75 5629.75 8294.75
5629.75 8294.75 5629.75 0.25
5629.75 0.25 5118.5 0.25
5118.5 0.25 5118.5 3025.25
5118.5 3025.25 5119.25 3025.25
5119.25 3025.25 5119.25 0.25
5119.25 0.25 6660.5 0.25
6660.5 0.25 6660.5 83.25
6660.5 83.25 6661.25 83.25
6661.25 83.25 6661.25 0.25
6661.25 0.25 7947.5 0.25
7947.5 0.25 7947.5 2299.25
7947.5 2299.25 7948.25 2299.25
7948.25 2299.25 7948.25 0.25
7948.25 0.25 4444.5 0.25
4444.5 0.25 4444.5 4560.25
4444.5 4560.25 4445.25 4560.25
4445.25 4560.25 4445.25 4559.75
4445.25 4559.75 4444.75 4559.75
4444.75 4559.75 4444.75 0.25
4444.75 0.25 6954.5 0.25
6954.5 0.25 6954.5 173.25
6954.5 173.25 6955.25 173.25
6955.25 173.25 6955.25 0.25
6955.25 0.25 688.5 0.25
688.5 0.25 688.5 3140.25
688.5 3140.25 689.25 3140.25
689.25 3140.25 689.25 3139.75
689.25 3139.75 688.75 3139.75
688.75 3139.75 688.75 0.25
688.75 0.25 8542.5 0.25
8542.5 0.25 8542.5 338.25
8542.5 338.25 8543.25 338.25
8543.25 338.25 8543.25 0.25
8543.25 0.25 9897.5 0.25
9897.5 0.25 9897.5 429.25
9897.5 429.25 9898.25 429.25
9898.25 429.25 9898.25 0.25
9898.25 0.25 803.5 0.25
803.5 0.25 803.5 1386.25
803.5 1386.25 804.25 1386.25
804.25 1386.25 804.25 0.25
804.25 0.25 9311.5 0.25
9311.5 0.25 9311.5 4861.25
9311.5 4861.25 9312.25 4861.25
9312.25 4861.25 9312.25 0.25
9312.25 0.25 3286.5 0.25
3286.5 0.25 3286.5 4008.25
3286.5 4008.25 3287.25 4008.25
3287.25 4008.25 3287.25 0.25
3287.25 0.25 7943.5 0.25
7943.5 0.25 7943.5 8143.25
7943.5 8143.25 7944.25 8143.25
7944.25 8143.25 7944.25 8142.75
7944.25 8142.75 7943.75 8142.75
7943.75 8142.75 7943.75 0.25
7943.75 0.25 3659.5 0.25
3659.5 0.25 3659.5 228.25
3659.5 228.25 3660.25 228.25
3660.25 228.25 3660.25 0.25
3660.25 0.25 4622.5 0.25
4622.5 0.25 4622.5 4793.25
4622.5 4793.25 4623.25 4793.25
4623.25 4793.25 4623.25 0.25
4623.25 0.25 339.5 0.25
339.5 0.25 339.5 9535.25
339.5 9535.25 340.25 9535.25
340.25 9535.25 340.25 0.25
340.25 0.25 1821.5 0.25
1821.5 0.25 1821.5 1020.25
1821.5 1020.25 1822.25 1020.25
1822.25 1020.25 1822.25 0.25
1822.25 0.25 5640.5 0.25
5640.5 0.25 5640.5 7637.25
5640.5 7637.25 5641.25 7637.25
5641.25 7637.25 5641.25 0.25
5641.25 0.25 9767.5 0.25
9767.5 0.25 9767.5 3801.25
9767.5 3801.25 9768.25 3801.25
9768.25 3801.25 9768.25 3800.75
9768.25 3800.75 9767.75 3800.75
9767.75 3800.75 9767.75 0.25
9767.75 0.25 3364.5 0.25
3364.5 0.25 3364.5 3662.25
3364.5 3662.25 3365.25 3662.25
3365.25 3662.25 3365.25 3661.75
3365.25 3661.75 3364.75 3661.75
3364.75 3661.75 3364.75 0.25
3364.75 0.25 815.5 0.25
815.5 0.25 815.5 3558.25
815.5 3558.25 816.25 3558.25
816.25 3558.25 816.25 3557.75
816.25 3557.75 815.75 3557.75
815.75 3557.75 815.75 0.25
815.75 0.25 6444.5 0.25
6444.5 0.25 6444.5 5659.25
6444.5 5659.25 6445.25 5659.25
6445.25 5659.25 6445.25 5658.75
6445.25 5658.75 6444.75 5658.75
6444.75 5658.75 6444.75 0.25
6444.75 0.25 4001.5 0.25
4001.5 0.25 4001.5 2751.25
4001.5 2751.25 4002.25 2751.25
4002.25 2751.25 4002.25 0.25
4002.25 0.25 2008.5 0.25
2008.5 0.25 2008.5 3120.25
2008.5 3120.25 2009.25 3120.25
2009.25 3120.25 2009.25 3119.75
2009.25 3119.75 2008.75 3119.75
2008.75 3119.75 2008.75 0.25
2008.75 0.25 45.5 0.25
45.5 0.25 45.5 39.25
45.5 39.25 46.25 39.25
46.25 39.25 46.25 0.25
46.25 0.25 7684.5 0.25
7684.5 0.25 7684.5 1450.25
7684.5 1450.25 7685.25 1450.25
7685.25 1450.25 7685.25 1449.75
7685.25 1449.75 7684.75 1449.75
7684.75 1449.75 7684.75 0.25
7684.75 0.25 4443.5 0.25
4443.5 0.25 4443.5 1068.25
4443.5 1068.25 4444.25 1068.25
4444.25 1068.25 4444.25 0.25
4444.25 0.25 543.5 0.25
543.5 0.25 543.5 9726.25
543.5 9726.25 544.25 9726.25
544.25 9726.25 544.25 9725.75
544.25 9725.75 543.75 9725.75
543.75 9725.75 543.75 0.25
543.75 0.25 8961.5 0.25
8961.5 0.25 8961.5 8054.25
8961.5 8054.25 8962.25 8054.25
8962.25 8054.25 8962.25 0.25
8962.25 0.25 1682.5 0.25
1682.5 0.25 1682.5 1037.25
1682.5 1037.25 1683.25 1037.25
1683.25 1037.25 1683.25 0.25
1683.25 0.25 8398.5 0.25
8398.5 0.25 8398.5 3887.25
8398.5 3887.25 8399.25 3887.25
8399.25 3887.25 8399.25 3886.75
8399.25 3886.75 8398.75 3886.75
8398.75 3886.75 8398.75 0.25
8398.75 0.25 7491.5 0.25
7491.5 0.25 7491.5 8239.25
7491.5 8239.25 7492.25 8239.25
7492.25 8239.25 7492.25 8238.75
7492.25 8238.75 7491.75 8238.75
7491.75 8238.75 7491.75 0.25
7491.75 0.25 4557.5 0.25
4557.5 0.25 4557.5 588.25
4557.5 588.25 4558.25 588.25
4558.25 588.25 4558.25 0.25
4558.25 0.25 1868.5 0.25
1868.5 0.25 1868.5 654.25
1868.5 654.25 1869.25 654.25
1869.25 654.25 1869.25 0.25
1869.25 0.25 8189.5 0.25
8189.5 0.25 8189.5 725.25
8189.5 725.25 8190.25 725.25
8190.25 725.25 8190.25 0.25
8190.25 0.25 9474.5 0.25
9474.5 0.25 9474.5 7224.25
9474.5 7224.25 9475.25 7224.25
9475.25 7224.25 9475.25 0.25
9475.25 0.25 4069.5 0.25
4069.5 0.25 4069.5 1774.25
4069.5 1774.25 4070.25 1774.25
4070.25 1774.25 4070.25 0.25
4070.25 0.25 5001.5 0.25
5001.5 0.25 5001.5 8844.25
5001.5 8844.25 5002.25 8844.25
5002.25 8844.25 5002.25 8843.75
5002.25 8843.75 5001.75 8843.75
5001.75 8843.75 5001.75 0.25
5001.75 0.25 1533.5 0.25
1533.5 0.25 1533.5 6723.25
1533.5 6723.25 1534.25 6723.25
1534.25 6723.25 1534.25 0.25
1534.25 0.25 4324.5 0.25
4324.5 0.25 4324.5 6034.25
4324.5 6034.25 4325.25 6034.25
4325.25 6034.25 4325.25 6033.75
4325.25 6033.75 4324.75 6033.75
4324.75 6033.75 4324.75 0.25
4324.75 0.25 1522.5 0.25
1522.5 0.25 1522.5 1385.25
1522.5 1385.25 1523.25 1385.25
1523.25 1385.25 1523.25 0.25
1523.25 0.25 6848.5 0.25
6848.5 0.25 6848.5 2770.25
6848.5 2770.25 6849.25 2770.25
6849.25 2770.25 6849.25 0.25
6849.25 0.25 475.5 0.25
475.5 0.25 475.5 6151.25
475.5 6151.25 476.25 6151.25
476.25 6151.25 476.25 0.25
476.25 0.25 2837.5 0.25
2837.5 0.25 2837.5 3254.25
2837.5 3254.25 2838.25 3254.25
2838.25 3254.25 2838.25 0.25
2838.25 0.25 9592.5 0.25
9592.5 0.25 9592.5 5343.25
9592.5 5343.25 9593.25 5343.25
9593.25 5343.25 9593.25 5342.75
9593.25 5342.75 9592.75 5342.75
9592.75 5342.75 9592.75 0.25
9592.75 0.25 2741.5 0.25
2741.5 0.25 2741.5 1352.25
2741.5 1352.25 2742.25 1352.25
2742.25 1352.25 2742.25 0.25
2742.25 0.25 5364.5 0.25
5364.5 0.25 5364.5 3796.25
5364.5 3796.25 5365.25 3796.25
5365.25 3796.25 5365.25 0.25
5365.25 0.25 5284.5 0.25
5284.5 0.25 5284.5 5011.25
5284.5 5011.25 5285.25 5011.25
5285.25 5011.25 5285.25 5010.75
5285.25 5010.75 5284.75 5010.75
5284.75 5010.75 5284.75 0.25
5284.75 0.25 7377.5 0.25
7377.5 0.25 7377.5 2192.25
7377.5 2192.25 7378.25 2192.25
7378.25 2192.25 7378.25 0.25
7378.25 0.25 8614.5 0.25
8614.5 0.25 8614.5 2451.25
8614.5 2451.25 8615.25 2451.25
8615.25 2451.25 8615.25 0.25
8615.25 0.25 865.5 0.25
865.5 0.25 865.5 941.25
865.5 941.25 866.25 941.25
866.25 941.25 866.25 0.25
866.25 0.25 5138.5 0.25
5138.5 0.25 5138.5 7779.25
5138.5 7779.25 5139.25 7779.25
5139.25 7779.25 5139.25 0.25
5139.25 0.25 7025.5 0.25
7025.5 0.25 7025.5 9657.25
7025.5 9657.25 7026.25 9657.25
7026.25 9657.25 7026.25 0.25
7026.25 0.25 7517.5 0.25
7517.5 0.25 7517.5 3869.25
7517.5 3869.25 7518.25 3869.25
7518.25 3869.25 7518.25 0.25
7518.25 0.25 2731.5 0.25
2731.5 0.25 2731.5 874.25
2731.5 874.25 2732.25 874.25
2732.25 874.25 2732.25 0.25
2732.25 0.25 2065.5 0.25
2065.5 0.25 2065.5 5424.25
2065.5 5424.25 2066.25 5424.25
2066.25 5424.25 2066.25 5423.75
2066.25 5423.75 2065.75 5423.75
2065.75 5423.75 2065.75 0.25
2065.75 0.25 1609.5 0.25
1609.5 0.25 1609.5 9399.25
1609.5 9399.25 1610.25 9399.25
1610.25 9399.25 1610.25 9398.75
1610.25 9398.75 1609.75 9398.75
1609.75 9398.75 1609.75 0.25
1609.75 0.25 3446.5 0.25
3446.5 0.25 3446.5 5035.25
3446.5 5035.25 3447.25 5035.25
3447.25 5035.25 3447.25 0.25
3447.25 0.25 6710.5 0.25
6710.5 0.25 6710.5 6583.25
6710.5 6583.25 6711.25 6583.25
6711.25 6583.25 6711.25 6582.75
6711.25 6582.75 6710.75 6582.75
6710.75 6582.75 6710.75 0.25
6710.75 0.25 1458.5 0.25
1458.5 0.25 1458.5 216.25
1458.5 216.25 1459.25 216.25
1459.25 216.25 1459.25 0.25
1459.25 0.25 1222.5 0.25
1222.5 0.25 1222.5 2481.25
1222.5 2481.25 1223.25 2481.25
1223.25 2481.25 1223.25 2480.75
1223.25 2480.75 1222.75 2480.75
1222.75 2480.75 1222.75 0.25
1222.75 0.25 4481.5 0.25
4481.5 0.25 4481.5 9141.25
4481.5 9141.25 4482.25 9141.25
4482.25 9141.25 4482.25 0.25
4482.25 0.25 7625.5 0.25
7625.5 0.25 7625.5 2737.25
7625.5 2737.25 7626.25 2737.25
7626.25 2737.25 7626.25 0.25
7626.25 0.25 5990.5 0.25
5990.5 0.25 5990.5 5680.25
5990.5 5680.25 5991.25 5680.25
5991.25 5680.25 5991.25 0.25
5991.25 0.25 6476.5 0.25
6476.5 0.25 6476.5 7541.25
6476.5 7541.25 6477.25 7541.25
6477.25 7541.25 6477.25 0.25
6477.25 0.25 6307.5 0.25
6307.5 0.25 6307.5 2044.25
6307.5 2044.25 6308.25 2044.25
6308.25 2044.25 6308.25 0.25
6308.25 0.25 6224.5 0.25
6224.5 0.25 6224.5 5497.25
6224.5 5497.25 6225.25 5497.25
6225.25 5497.25 6225.25 0.25
6225.25 0.25 8571.5 0.25
8571.5 0.25 8571.5 9371.25
8571.5 9371.25 8572.25 9371.25
8572.25 9371.25 8572.25 9370.75
8572.25 9370.75 8571.75 9370.75
8571.75 9370.75 8571.75 0.25
8571.75 0.25 7730.5 0.25
7730.5 0.25 7730.5 3570.25
7730.5 3570.25 7731.25 3570.25
7731.25 3570.25 7731.25 3569.75
7731.25 3569.75 7730.75 3569.75
7730.75 3569.75 7730.75 0.25
7730.75 0.25 6351.5 0.25
6351.5 0.25 6351.5 1.25
6351.5 1.25 6352.25 1.25
6352.25 1.25 6352.25 0.25
6352.25 0.25 4061.5 0.25
4061.5 0.25 4061.5 8435.25
4061.5 8435.25 4062.25 8435.25
4062.25 8435.25 4062.25 8434.75
4062.25 8434.75 4061.75 8434.75
4061.75 8434.75 4061.75 0.25
4061.75 0.25 7416.5 0.25
7416.5 0.25 7416.5 4467.25
7416.5 4467.25 7417.25 4467.25
7417.25 4467.25 7417.25 0.25
7417.25 0.25 5149.5 0.25
5149.5 0.25 5149.5 9551.25
5149.5 9551.25 5150.25 9551.25
5150.25 9551.25 5150.25 0.25
5150.25 0.25 1616.5 0.25
1616.5 0.25 1616.5 2800.25
1616.5 2800.25 1617.25 2800.25
1617.25 2800.25 1617.25 0.25
1617.25 0.25 6981.5 0.25
6981.5 0.25 6981.5 565.25
6981.5 565.25 6982.25 565.25
6982.25 565.25 6982.25 0.25
6982.25 0.25 959.5 0.25
959.5 0.25 959.5 2430.25
959.5 2430.25 960.25 2430.25
960.25 2430.25 960.25 2429.75
960.25 2429.75 959.75 2429.75
959.75 2429.75 959.75 0.25
959.75 0.25 9749.5 0.25
9749.5 0.25 9749.5 3939.25
9749.5 3939.25 9750.25 3939.25
9750.25 3939.25 9750.25 3938.75
9750.25 3938.75 9749.75 3938.75
9749.75 3938.75 9749.75 0.25
9749.75 0.25 6815.5 0.25
6815.5 0.25 6815.5 3786.25
6815.5 3786.25 6816.25 3786.25
6816.25 3786.25 6816.25 0.25
6816.25 0.25 5162.5 0.25
5162.5 0.25 5162.5 4060.25
5162.5 4060.25 5163.25 4060.25
5163.25 4060.25 5163.25 0.25
5163.25 0.25 6011.5 0.25
6011.5 0.25 6011.5 2557.25
6011.5 2557.25 6012.25 2557.25
6012.25 2557.25 6012.25 0.25
6012.25 0.25 9312.5 0.25
9312.5 0.25 9312.5 3545.25
9312.5 3545.25 9313.25 3545.25
9313.25 3545.25 9313.25 3544.75
9313.25 3544.75 9312.75 3544.75
9312.75 3544.75 9312.75 0.25
9312.75 0.25 6437.5 0.25
6437.5 0.25 6437.5 7897.25
6437.5 7897.25 6438.25 7897.25
6438.25 7897.25 6438.25 0.25
6438.25 0.25 8020.5 0.25
8020.5 0.25 8020.5 9352.25
8020.5 9352.25 8021.25 9352.25
8021.25 9352.25 8021.25 9351.75
8021.25 9351.75 8020.75 9351.75
8020.75 9351.75 8020.75 0.25
8020.75 0.25 4087.5 0.25
4087.5 0.25 4087.5 2171.25
4087.5 2171.25 4088.25 2171.25
4088.25 2171.25 4088.25 0.25
4088.25 0.25 2578.5 0.25
2578.5 0.25 2578.5 2602.25
2578.5 2602.25 2579.25 2602.25
2579.25 2602.25 2579.25 2601.75
2579.25 2601.75 2578.75 2601.75
2578.75 2601.75 2578.75 0.25
2578.75 0.25 935.5 0.25
935.5 0.25 935.5 1908.25
935.5 1908.25 936.25 1908.25
936.25 1908.25 936.25 1907.75
936.25 1907.75 935.75 1907.75
935.75 1907.75 935.75 0.25
935.75 0.25 4134.5 0.25
4134.5 0.25 4134.5 7108.25
4134.5 7108.25 4135.25 7108.25
4135.25 7108.25 4135.25 0.25
4135.25 0.25 9992.5 0.25
9992.5 0.25 9992.5 4398.25
9992.5 4398.25 9993.25 4398.25
9993.25 4398.25 9993.25 0.25
9993.25 0.25 4964.5 0.25
4964.5 0.25 4964.5 2273.25
4964.5 2273.25 4965.25 2273.25
4965.25 2273.25 4965.25 0.25
4965.25 0.25 8582.5 0.25
8582.5 0.25 8582.5 3078.25
8582.5 3078.25 8583.25 3078.25
8583.25 3078.25 8583.25 0.25
8583.25 0.25 563.5 0.25
563.5 0.25 563.5 5746.25
563.5 5746.25 564.25 5746.25
564.25 5746.25 564.25 0.25
564.25 0.25 2382.5 0.25
2382.5 0.25 2382.5 2078.25
2382.5 2078.25 2383.25 2078.25
2383.25 2078.25 2383.25 0.25
2383.25 0.25 1969.5 0.25
1969.5 0.25 1969.5 8510.25
1969.5 8510.25 1970.25 8510.25
1970.25 8510.25 1970.25 8509.75
1970.25 8509.75 1969.75 8509.75
1969.75 8509.75 1969.75 0.25
1969.75 0.25 7449.5 0.25
7449.5 0.25 7449.5 4091.25
7449.5 4091.25 7450.25 4091.25
7450.25 4091.25 7450.25 0.25
7450.25 0.25 8171.5 0.25
8171.5 0.25 8171.5 310.25
8171.5 310.25 8172.25 310.25
8172.25 310.25 8172.25 0.25
8172.25 0.25 2643.5 0.25
2643.5 0.25 2643.5 6054.25
2643.5 6054.25 2644.25 6054.25
2644.25 6054.25 2644.25 0.25
2644.25 0.25 6935.5 0.25
6935.5 0.25 6935.5 3155.25
6935.5 3155.25 6936.25 3155.25
6936.25 3155.25 6936.25 0.25
6936.25 0.25 5131.5 0.25
5131.5 0.25 5131.5 2617.25
5131.5 2617.25 5132.25 2617.25
5132.25 2617.25 5132.25 0.25
5132.25 0.25 7864.5 0.25
7864.5 0.25 7864.5 8727.25
7864.5 8727.25 7865.25 8727.25
7865.25 8727.25 7865.25 0.25
7865.25 0.25 1261.5 0.25
1261.5 0.25 1261.5 4052.25
1261.5 4052.25 1262.25 4052.25
1262.25 4052.25 1262.25 4051.75
1262.25 4051.75 1261.75 4051.75
1261.75 4051.75 1261.75 0.25
1261.75 0.25 372.5 0.25
372.5 0.25 372.5 6518.25
372.5 6518.25 373.25 6518.25
373.25 6518.25 373.25 0.25
373.25 0.25 9986.5 0.25
9986.5 0.25 9986.5 9724.25
9986.5 9724.25 9987.25 9724.25
9987.25 9724.25 9987.25 9723.75
9987.25 9723.75 9986.75 9723.75
9986.75 9723.75 9986.75 0.25
9986.75 0.25 4392.5 0.25
4392.5 0.25 4392.5 3642.25
4392.5 3642.25 4393.25 3642.25
4393.25 3642.25 4393.25 0.25
4393.25 0.25 5972.5 0.25
5972.5 0.25 5972.5 9349.25
5972.5 9349.25 5973.25 9349.25
5973.25 9349.25 5973.25 9348.75
5973.25 9348.75 5972.75 9348.75
5972.75 9348.75 5972.75 0.25
5972.75 0.25 5153.5 0.25
5153.5 0.25 5153.5 2344.25
5153.5 2344.25 5154.25 2344.25
5154.25 2344.25 5154.25 0.25
5154.25 0.25 783.5 0.25
783.5 0.25 783.5 6145.25
783.5 6145.25 784.25 6145.25
784.25 6145.25 784.25 6144.75
784.25 6144.75 783.75 6144.75
783.75 6144.75 783.75 0.25
783.75 0.25 1721.5 0.25
1721.5 0.25 1721.5 7040.25
1721.5 7040.25 1722.25 7040.25
1722.25 7040.25 1722.25 0.25
1722.25 0.25 8533.5 0.25
8533.5 0.25 8533.5 5160.25
8533.5 5160.25 8534.25 5160.25
8534.25 5160.25 8534.25 0.25
8534.25 0.25 3358.5 0.25
3358.5 0.25 3358.5 4005.25
3358.5 4005.25 3359.25 4005.25
3359.25 4005.25 3359.25 0.25
3359.25 0.25 4182.5 0.25
4182.5 0.25 4182.5 6512.25
4182.5 6512.25 4183.25 6512.25
4183.25 6512.25 4183.25 6511.75
4183.25 6511.75 4182.75 6511.75
4182.75 6511.75 4182.75 0.25
4182.75 0.25 4844.5 0.25
4844.5 0.25 4844.5 7341.25
4844.5 7341.25 4845.25 7341.25
4845.25 7341.25 4845.25 7340.75
4845.25 7340.75 4844.75 7340.75
4844.75 7340.75 4844.75 0.25
4844.75 0.25 861.5 0.25
861.5 0.25 861.5 9675.25
861.5 9675.25 862.25 9675.25
862.25 9675.25 862.25 9674.75
862.25 9674.75 861.75 9674.75
861.75 9674.75 861.75 0.25
861.75 0.25 2867.5 0.25
2867.5 0.25 2867.5 8445.25
2867.5 8445.25 2868.25 8445.25
2868.25 8445.25 2868.25 8444.75
2868.25 8444.75 2867.75 8444.75
2867.75 8444.75 2867.75 0.25
2867.75 0.25 1389.5 0.25
1389.5 0.25 1389.5 2656.25
1389.5 2656.25 1390.25 2656.25
1390.25 2656.25 1390.25 0.25
1390.25 0.25 2514.5 0.25
2514.5 0.25 2514.5 5738.25
2514.5 5738.25 2515.25 5738.25
2515.25 5738.25 2515.25 0.25
2515.25 0.25 200.5 0.25
200.5 0.25 200.5 3735.25
200.5 3735.25 201.25 3735.25
201.25 3735.25 201.25 0.25
201.25 0.25 8376.5 0.25
8376.5 0.25 8376.5 8061.25
8376.5 8061.25 8377.25 8061.25
8377.25 8061.25 8377.25 8060.75
8377.25 8060.75 8376.75 8060.75
8376.75 8060.75 8376.75 0.25
8376.75 0.25 5329.5 0.25
5329.5 0.25 5329.5 6336.25
5329.5 6336.25 5330.25 6336.25
5330.25 6336.25 5330.25 0.25
5330.25 0.25 7753.5 0.25
7753.5 0.25 7753.5 1952.25
7753.5 1952.25 7754.25 1952.25
7754.25 1952.25 7754.25 0.25
7754.25 0.25 700.5 0.25
700.5 0.25 700.5 225.25
700.5 225.25 701.25 225.25
701.25 225.25 701.25 0.25
701.25 0.25 959.5 0.25
959.5 0.25 959.5 5117.25
959.5 5117.25 960.25 5117.25
960.25 5117.25 960.25 5116.75
960.25 5116.75 959.75 5116.75
959.75 5116.75 959.75 0.25
959.75 0.25 4748.5 0.25
4748.5 0.25 4748.5 2985.25
4748.5 2985.25 4749.25 2985.25
4749.25 2985.25 4749.25 0.25
4749.25 0.25 6191.5 0.25
6191.5 0.25 6191.5 5069.25
6191.5 5069.25 6192.25 5069.25
6192.25 5069.25 6192.25 5068.75
6192.25 5068.75 6191.75 5068.75
6191.75 5068.75 6191.75 0.25
6191.75 0.25 3570.5 0.25
3570.5 0.25 3570.5 1514.25
3570.5 1514.25 3571.25 1514.25
3571.25 1514.25 3571.25 0.25
3571.25 0.25 6900.5 0.25
6900.5 0.25 6900.5 6410.25
6900.5 6410.25 6901.25 6410.25
6901.25 6410.25 6901.25 0.25
6901.25 0.25 6191.5 0.25
6191.5 0.25 6191.5 3296.25
6191.5 3296.25 6192.25 3296.25
6192.25 3296.25 6192.25 0.25
6192.25 0.25 3411.5 0.25
3411.5 0.25 3411.5 5787.25
3411.5 5787.25 3412.25 5787.25
3412.25 5787.25 3412.25 5786.75
3412.25 5786.75 3411.75 5786.75
3411.75 5786.75 3411.75 0.25
3411.75 0.25 6788.5 0.25
6788.5 0.25 6788.5 4064.25
6788.5 4064.25 6789.25 4064.25
6789.25 4064.25 6789.25 0.25
6789.25 0.25 8403.5 0.25
8403.5 0.25 8403.5 7859.25
8403.5 7859.25 8404.25 7859.25
8404.25 7859.25 8404.25 0.25
8404.25 0.25 1717.5 0.25
1717.5 0.25 1717.5 4640.25
1717.5 4640.25 1718.25 4640.25
1718.25 4640.25 1718.25 0.25
1718.25 0.25 9991.5 0.25
9991.5 0.25 9991.5 8857.25
9991.5 8857.25 9992.25 8857.25
9992.25 8857.25 9992.25 8856.75
9992.25 8856.75 9991.75 8856.75
9991.75 8856.75 9991.75 0.25
9991.75 0.25 9425.5 0.25
9425.5 0.25 9425.5 4488.25
9425.5 4488.25 9426.25 4488.25
9426.25 4488.25 9426.25 4487.75
9426.25 4487.75 9425.75 4487.75
9425.75 4487.75 9425.75 0.25
9425.75 0.25 767.5 0.25
767.5 0.25 767.5 7257.25
767.5 7257.25 768.25 7257.25
768.25 7257.25 768.25 7256.75
768.25 7256.75 767.75 7256.75
767.75 7256.75 767.75 0.25
767.75 0.25 2757.5 0.25
2757.5 0.25 2757.5 8405.25
2757.5 8405.25 2758.25 8405.25
2758.25 8405.25 2758.25 0.25
2758.25 0.25 554.5 0.25
554.5 0.25 554.5 5380.25
554.5 5380.25 555.25 5380.25
555.25 5380.25 555.25 0.25
555.25 0.25 2435.5 0.25
2435.5 0.25 2435.5 6513.25
2435.5 6513.25 2436.25 6513.25
2436.25 6513.25 2436.25 0.25
2436.25 0.25 1448.5 0.25
1448.5 0.25 1448.5 2495.25
1448.5 2495.25 1449.25 2495.25
1449.25 2495.25 1449.25 0.25
1449.25 0.25 7675.5 0.25
7675.5 0.25 7675.5 7296.25
7675.5 7296.25 7676.25 7296.25
7676.25 7296.25 7676.25 0.25
7676.25 0.25 1268.5 0.25
1268.5 0.25 1268.5 3912.25
1268.5 3912.25 1269.25 3912.25
1269.25 3912.25 1269.25 0.25
1269.25 0.25 2028.5 0.25
2028.5 0.25 2028.5 1996.25
2028.5 1996.25 2029.25 1996.25
2029.25 1996.25 2029.25 0.25
2029.25 0.25 5624.5 0.25
5624.5 0.25 5624.5 9384.25
5624.5 9384.25 5625.25 9384.25
5625.25 9384.25 5625.25 9383.75
5625.25 9383.75 5624.75 9383.75
5624.75 9383.75 5624.75 0.25
5624.75 0.25 8396.5 0.25
8396.5 0.25 8396.5 2955.25
8396.5 2955.25 8397.25 2955.25
8397.25 2955.25 8397.25 0.25
8397.25 0.25 5382.5 0.25
5382.5 0.25 5382.5 5656.25
5382.5 5656.25 5383.25 5656.25
5383.25 5656.25 5383.25 5655.75
5383.25 5655.75 5382.75 5655.75
5382.75 5655.75 5382.75 0.25
5382.75 0.25 8444.5 0.25
8444.5 0.25 8444.5 2989.25
8444.5 2989.25 8445.25 2989.25
8445.25 2989.25 8445.25 0.25
8445.25 0.25 9673.5 0.25
9673.5 0.25 9673.5 8890.25
9673.5 8890.25 9674.25 8890.25
9674.25 8890.25 9674.25 0.25
9674.25 0.25 2604.5 0.25
2604.5 0.25 2604.5 1625.25
2604.5 1625.25 2605.25 1625.25
2605.25 1625.25 2605.25 0.25
2605.25 0.25 6864.5 0.25
6864.5 0.25 6864.5 8116.25
6864.5 8116.25 6865.25 8116.25
6865.25 8116.25 6865.25 8115.75
6865.25 8115.75 6864.75 8115.75
6864.75 8115.75 6864.75 0.25
6864.75 0.25 8884.5 0.25
8884.5 0.25 8884.5 3606.25
8884.5 3606.25 8885.25 3606.25
8885.25 3606.25 8885.25 0.25
8885.25 0.25 9320.5 0.25
9320.5 0.25 9320.5 8768.25
9320.5 8768.25 9321.25 8768.25
9321.25 8768.25 9321.25 0.25
9321.25 0.25 6406.5 0.25
6406.5 0.25 6406.5 3961.25
6406.5 3961.25 6407.25 3961.25
6407.25 3961.25 6407.25 0.25
6407.25 0.25 8227.5 0.25
8227.5 0.25 8227.5 3366.25
8227.5 3366.25 8228.25 3366.25
8228.25 3366.25 8228.25 0.25
8228.25 0.25 2473.5 0.25
2473.5 0.25 2473.5 1784.25
2473.5 1784.25 2474.25 1784.25
2474.25 1784.25 2474.25 0.25
2474.25 0.25 1789.5 0.25
1789.5 0.25 1789.5 104.25
1789.5 104.25 1790.25 104.25
1790.25 104.25 1790.25 0.25
1790.25 0.25 9025.5 0.25
9025.5 0.25 9025.5 6322.25
9025.5 6322.25 9026.25 6322.25
9026.25 6322.25 9026.25 6321.75
9026.25 6321.75 9025.75 6321.75
9025.75 6321.75 9025.75 0.25
9025.75 0.25 4139.5 0.25
4139.5 0.25 4139.5 3235.25
4139.5 3235.25 4140.25 3235.25
4140.25 3235.25 4140.25 3234.75
4140.25 3234.75 4139.75 3234.75
4139.75 3234.75 4139.75 0.25
4139.75 0.25 2184.5 0.25
2184.5 0.25 2184.5 6423.25
2184.5 6423.25 2185.25 6423.25
2185.25 6423.25 2185.25 0.25
2185.25 0.25 7343.5 0.25
7343.5 0.25 7343.5 9251.25
7343.5 9251.25 7344.25 9251.25
7344.25 9251.25 7344.25 0.25
7344.25 0.25 1604.5 0.25
1604.5 0.25 1604.5 8977.25
1604.5 8977.25 1605.25 8977.25
1605.25 8977.25 1605.25 0.25
1605.25 0.25 5106.5 0.25
5106.5 0.25 5106.5 4139.25
5106.5 4139.25 5107.25 4139.25
5107.25 4139.25 5107.25 0.25
5107.25 0.25 9732.5 0.25
9732.5 0.25 9732.5 5344.25
9732.5 5344.25 9733.25 5344.25
9733.25 5344.25 9733.25 0.25
9733.25 0.25 1384.5 0.25
1384.5 0.25 1384.5 9751.25
1384.5 9751.25 1385.25 9751.25
1385.25 9751.25 1385.25 9750.75
1385.25 9750.75 1384.75 9750.75
1384.75 9750.75 1384.75 0.25
1384.75 0.25 9589.5 0.25
9589.5 0.25 9589.5 1766.25
9589.5 1766.25 9590.25 1766.25
9590.25 1766.25 9590.25 1765.75
9590.25 1765.75 9589.75 1765.75
9589.75 1765.75 9589.75 0.25
9589.75 0.25 7791.5 0.25
7791.5 0.25 7791.5 8207.25
7791.5 8207.25 7792.25 8207.25
7792.25 8207.25 7792.25 8206.75
7792.25 8206.75 7791.75 8206.75
7791.75 8206.75 7791.75 0.25
7791.75 0.25 169.5 0.25
169.5 0.25 169.5 2223.25
169.5 2223.25 170.25 2223.25
170.25 2223.25 170.25 0.25
170.25 0.25 3136.5 0.25
3136.5 0.25 3136.5 1783.25
3136.5 1783.25 3137.25 1783.25
3137.25 1783.25 3137.25 1782.75
3137.25 1782.75 3136.75 1782.75
3136.75 1782.75 3136.75 0.25
3136.75 0.25 774.5 0.25
774.5 0.25 774.5 4108.25
774.5 4108.25 775.25 4108.25
775.25 4108.25 775.25 4107.75
775.25 4107.75 774.75 4107.75
774.75 4107.75 774.75 0.25
774.75 0.25 616.5 0.25
616.5 0.25 616.5 3742.25
616.5 3742.25 617.25 3742.25
617.25 3742.25 617.25 3741.75
617.25 3741.75 616.75 3741.75
616.75 3741.75 616.75 0.25
616.75 0.25 8560.5 0.25
