1840106
992, 992
(4325.5, 0.25), (4325.5, 6680.25)
(4325.5, 6680.25), (4326.25, 6680.25)
(4326.25, 6680.25), (4326.25, 6679.75)
(4326.25, 6679.75), (4325.75, 6679.75)
(4325.75, 6679.75), (4325.75, 0.25)
(4325.75, 0.25), (5916.5, 0.25)
(5916.5, 0.25), (5916.5, 1180.25)
(5916.5, 1180.25), (5917.25, 1180.25)
(5917.25, 1180.25), (5917.25, 1179.75)
(5917.25, 1179.75), (5916.75, 1179.75)
(5916.75, 1179.75), (5916.75, 0.25)
(5916.75, 0.25), (2275.5, 0.25)
(2275.5, 0.25), (2275.5, 6430.25)
(2275.5, 6430.25), (2276.25, 6430.25)
(2276.25, 6430.25), (2276.25, 6429.75)
(2276.25, 6429.75), (2275.75, 6429.75)
(2275.75, 6429.75), (2275.75, 0.25)
(2275.75, 0.25), (6074.5, 0.25)
(6074.5, 0.25), (6074.5, 6864.25)
(6074.5, 6864.25), (6075.25, 6864.25)
(6075.25, 6864.25), (6075.25, 0.25)
(6075.25, 0.25), (6873.5, 0.25)
(6873.5, 0.25), (6873.5, 3888.25)
(6873.5, 3888.25), (6874.25, 3888.25)
(6874.25, 3888.25), (6874.25, 0.25)
(6874.25, 0.25), (8845.5, 0.25)
(8845.5, 0.25), (8845.5, 1542.25)
(8845.5, 1542.25), (8846.25, 1542.25)
(8846.25, 1542.25), (8846.25, 0.25)
(8846.25, 0.25), (29.5, 0.25)
(29.5, 0.25), (29.5, 9818.25)
(29.5, 9818.25), (30.25, 9818.25)
(30.25, 9818.25), (30.25, 9817.75)
(30.25, 9817.75), (29.75, 9817.75)
(29.75, 9817.75), (29.75, 0.25)
(29.75, 0.25), (2011.5, 0.25)
(2011.5, 0.25), (2011.5, 8432.25)
(2011.5, 8432.25), (2012.25, 8432.25)
(2012.25, 8432.25), (2012.25, 0.25)
(2012.25, 0.25), (6294.5, 0.25)
(6294.5, 0.25), (6294.5, 9098.25)
(6294.5, 9098.25), (6295.25, 9098.25)
(6295.25, 9098.25), (6295.25, 9097.75)
(6295.25, 9097.75), (6294.75, 9097.75)
(6294.75, 9097.75), (6294.75, 0.25)
(6294.75, 0.25), (4380.5, 0.25)
(4380.5, 0.25), (4380.5, 9820.25)
(4380.5, 9820.25), (4381.25, 9820.25)
(4381.25, 9820.25), (4381.25, 9819.75)
(4381.25, 9819.75), (4380.75, 9819.75)
(4380.75, 9819.75), (4380.75, 0.25)
(4380.75, 0.25), (5122.5, 0.25)
(5122.5, 0.25), (5122.5, 6119.25)
(5122.5, 6119.25), (5123.25, 6119.25)
(5123.25, 6119.25), (5123.25, 6118.75)
(5123.25, 6118.75), (5122.75, 6118.75)
(5122.75, 6118.75), (5122.75, 0.25)
(5122.75, 0.25), (600.5, 0.25)
(600.5, 0.25), (600.5, 6019.25)
(600.5, 6019.25), (601.25, 6019.25)
(601.25, 6019.25), (601.25, 0.25)
(601.25, 0.25), (2062.5, 0.25)
(2062.5, 0.25), (2062.5, 7058.25)
(2062.5, 7058.25), (2063.25, 7058.25)
(2063.25, 7058.25), (2063.25, 7057.75)
(2063.25, 7057.75), (2062.75, 7057.75)
(2062.75, 7057.75), (2062.75, 0.25)
(2062.75, 0.25), (1185.5, 0.25)
(1185.5, 0.25), (1185.5, 1365.25)
(1185.5, 1365.25), (1186.25, 1365.25)
(1186.25, 1365.25), (1186.25, 0.25)
(1186.25, 0.25), (5903.5, 0.25)
(5903.5, 0.25), (5903.5, 2187.25)
(5903.5, 2187.25), (5904.25, 2187.25)
(5904.25, 2187.25), (5904.25, 0.25)
(5904.25, 0.25), (347.5, 0.25)
(347.5, 0.25), (347.5, 7851.25)
(347.5, 7851.25), (348.25, 7851.25)
(348.25, 7851.25), (348.25, 7850.75)
(348.25, 7850.75), (347.75, 7850.75)
(347.75, 7850.75), (347.75, 0.25)
(347.75, 0.25), (6999.5, 0.25)
(6999.5, 0.25), (6999.5, 8074.25)
(6999.5, 8074.25), (7000.25, 8074.25)
(7000.25, 8074.25), (7000.25, 8073.75)
(7000.25, 8073.75), (6999.75, 8073.75)
(6999.75, 8073.75), (6999.75, 0.25)
(6999.75, 0.25), (7156.5, 0.25)
(7156.5, 0.25), (7156.5, 9106.25)
(7156.5, 9106.25), (7157.25, 9106.25)
(7157.25, 9106.25), (7157.25, 9105.75)
(7157.25, 9105.75), (7156.75, 9105.75)
(7156.75, 9105.75), (7156.75, 0.25)
(7156.75, 0.25), (3089.5, 0.25)
(3089.5, 0.25), (3089.5, 716.25)
(3089.5, 716.25), (3090.25, 716.25)
(3090.25, 716.25), (3090.25, 0.25)
(3090.25, 0.25), (7736.5, 0.25)
(7736.5, 0.25), (7736.5, 1849.25)
(7736.5, 1849.25), (7737.25, 1849.25)
(7737.25, 1849.25), (7737.25, 0.25)
(7737.25, 0.25), (4192.5, 0.25)
(4192.5, 0.25), (4192.5, 2526.25)
(4192.5, 2526.25), (4193.25, 2526.25)
(4193.25, 2526.25), (4193.25, 0.25)
(4193.25, 0.25), (2671.5, 0.25)
(2671.5, 0.25), (2671.5, 4678.25)
(2671.5, 4678.25), (2672.25, 4678.25)
(2672.25, 4678.25), (2672.25, 4677.75)
(2672.25, 4677.75), (2671.75, 4677.75)
(2671.75, 4677.75), (2671.75, 0.25)
(2671.75, 0.25), (4242.5, 0.25)
(4242.5, 0.25), (4242.5, 5741.25)
(4242.5, 5741.25), (4243.25, 5741.25)
(4243.25, 5741.25), (4243.25, 0.25)
(4243.25, 0.25), (936.5, 0.25)
(936.5, 0.25), (936.5, 9398.25)
(936.5, 9398.25), (937.25, 9398.25)
(937.25, 9398.25), (937.25, 0.25)
(937.25, 0.25), (8957.5, 0.25)
(8957.5, 0.25), (8957.5, 516.25)
(8957.5, 516.25), (8958.25, 516.25)
(8958.25, 516.25), (8958.25, 0.25)
(8958.25, 0.25), (9001.5, 0.25)
(9001.5, 0.25), (9001.5, 1600.25)
(9001.5, 1600.25), (9002.25, 1600.25)
(9002.25, 1600.25), (9002.25, 0.25)
(9002.25, 0.25), (3701.5, 0.25)
(3701.5, 0.25), (3701.5, 1490.25)
(3701.5, 1490.25), (3702.25, 1490.25)
(3702.25, 1490.25), (3702.25, 0.25)
(3702.25, 0.25), (2559.5, 0.25)
(2559.5, 0.25), (2559.5, 514.25)
(2559.5, 514.25), (2560.25, 514.25)
(2560.25, 514.25), (2560.25, 0.25)
(2560.25, 0.25), (1681.5, 0.25)
(1681.5, 0.25), (1681.5, 2762.25)
(1681.5, 2762.25), (1682.25, 2762.25)
(1682.25, 2762.25), (1682.25, 0.25)
(1682.25, 0.25), (1631.5, 0.25)
(1631.5, 0.25), (1631.5, 4973.25)
(1631.5, 4973.25), (1632.25, 4973.25)
(1632.25, 4973.25), (1632.25, 4972.75)
(1632.25, 4972.75), (1631.75, 4972.75)
(1631.75, 4972.75), (1631.75, 0.25)
(1631.75, 0.25), (1121.5, 0.25)
(1121.5, 0.25), (1121.5, 2907.25)
(1121.5, 2907.25), (1122.25, 2907.25)
(1122.25, 2907.25), (1122.25, 2906.75)
(1122.25, 2906.75), (1121.75, 2906.75)
(1121.75, 2906.75), (1121.75, 0.25)
(1121.75, 0.25), (7895.5, 0.25)
(7895.5, 0.25), (7895.5, 982.25)
(7895.5, 982.25), (7896.25, 982.25)
(7896.25, 982.25), (7896.25, 0.25)
(7896.25, 0.25), (1358.5, 0.25)
(1358.5, 0.25), (1358.5, 3929.25)
(1358.5, 3929.25), (1359.25, 3929.25)
(1359.25, 3929.25), (1359.25, 3928.75)
(1359.25, 3928.75), (1358.75, 3928.75)
(1358.75, 3928.75), (1358.75, 0.25)
(1358.75, 0.25), (8776.5, 0.25)
(8776.5, 0.25), (8776.5, 9366.25)
(8776.5, 9366.25), (8777.25, 9366.25)
(8777.25, 9366.25), (8777.25, 0.25)
(8777.25, 0.25), (1803.5, 0.25)
(1803.5, 0.25), (1803.5, 2606.25)
(1803.5, 2606.25), (1804.25, 2606.25)
(1804.25, 2606.25), (1804.25, 0.25)
(1804.25, 0.25), (524.5, 0.25)
(524.5, 0.25), (524.5, 4690.25)
(524.5, 4690.25), (525.25, 4690.25)
(525.25, 4690.25), (525.25, 4689.75)
(525.25, 4689.75), (524.75, 4689.75)
(524.75, 4689.75), (524.75, 0.25)
(524.75, 0.25), (8139.5, 0.25)
(8139.5, 0.25), (8139.5, 8776.25)
(8139.5, 8776.25), (8140.25, 8776.25)
(8140.25, 8776.25), (8140.25, 8775.75)
(8140.25, 8775.75), (8139.75, 8775.75)
(8139.75, 8775.75), (8139.75, 0.25)
(8139.75, 0.25), (6403.5, 0.25)
(6403.5, 0.25), (6403.5, 6466.25)
(6403.5, 6466.25), (6404.25, 6466.25)
(6404.25, 6466.25), (6404.25, 0.25)
(6404.25, 0.25), (8543.5, 0.25)
(8543.5, 0.25), (8543.5, 7000.25)
(8543.5, 7000.25), (8544.25, 7000.25)
(8544.25, 7000.25), (8544.25, 0.25)
(8544.25, 0.25), (3871.5, 0.25)
(3871.5, 0.25), (3871.5, 865.25)
(3871.5, 865.25), (3872.25, 865.25)
(3872.25, 865.25), (3872.25, 0.25)
(3872.25, 0.25), (619.5, 0.25)
(619.5, 0.25), (619.5, 356.25)
(619.5, 356.25), (620.25, 356.25)
(620.25, 356.25), (620.25, 355.75)
(620.25, 355.75), (619.75, 355.75)
(619.75, 355.75), (619.75, 0.25)
(619.75, 0.25), (977.5, 0.25)
(977.5, 0.25), (977.5, 6082.25)
(977.5, 6082.25), (978.25, 6082.25)
(978.25, 6082.25), (978.25, 6081.75)
(978.25, 6081.75), (977.75, 6081.75)
(977.75, 6081.75), (977.75, 0.25)
(977.75, 0.25), (5893.5, 0.25)
(5893.5, 0.25), (5893.5, 8366.25)
(5893.5, 8366.25), (5894.25, 8366.25)
(5894.25, 8366.25), (5894.25, 0.25)
(5894.25, 0.25), (728.5, 0.25)
(728.5, 0.25), (728.5, 8533.25)
(728.5, 8533.25), (729.25, 8533.25)
(729.25, 8533.25), (729.25, 8532.75)
(729.25, 8532.75), (728.75, 8532.75)
(728.75, 8532.75), (728.75, 0.25)
(728.75, 0.25), (2645.5, 0.25)
(2645.5, 0.25), (2645.5, 6391.25)
(2645.5, 6391.25), (2646.25, 6391.25)
(2646.25, 6391.25), (2646.25, 6390.75)
(2646.25, 6390.75), (2645.75, 6390.75)
(2645.75, 6390.75), (2645.75, 0.25)
(2645.75, 0.25), (1184.5, 0.25)
(1184.5, 0.25), (1184.5, 4168.25)
(1184.5, 4168.25), (1185.25, 4168.25)
(1185.25, 4168.25), (1185.25, 4167.75)
(1185.25, 4167.75), (1184.75, 4167.75)
(1184.75, 4167.75), (1184.75, 0.25)
(1184.75, 0.25), (9903.5, 0.25)
(9903.5, 0.25), (9903.5, 4000.25)
(9903.5, 4000.25), (9904.25, 4000.25)
(9904.25, 4000.25), (9904.25, 0.25)
(9904.25, 0.25), (5588.5, 0.25)
(5588.5, 0.25), (5588.5, 5628.25)
(5588.5, 5628.25), (5589.25, 5628.25)
(5589.25, 5628.25), (5589.25, 0.25)
(5589.25, 0.25), (1050.5, 0.25)
(1050.5, 0.25), (1050.5, 2038.25)
(1050.5, 2038.25), (1051.25, 2038.25)
(1051.25, 2038.25), (1051.25, 2037.75)
(1051.25, 2037.75), (1050.75, 2037.75)
(1050.75, 2037.75), (1050.75, 0.25)
(1050.75, 0.25), (1484.5, 0.25)
(1484.5, 0.25), (1484.5, 1457.25)
(1484.5, 1457.25), (1485.25, 1457.25)
(1485.25, 1457.25), (1485.25, 1456.75)
(1485.25, 1456.75), (1484.75, 1456.75)
(1484.75, 1456.75), (1484.75, 0.25)
(1484.75, 0.25), (3702.5, 0.25)
(3702.5, 0.25), (3702.5, 5116.25)
(3702.5, 5116.25), (3703.25, 5116.25)
(3703.25, 5116.25), (3703.25, 5115.75)
(3703.25, 5115.75), (3702.75, 5115.75)
(3702.75, 5115.75), (3702.75, 0.25)
(3702.75, 0.25), (9874.5, 0.25)
(9874.5, 0.25), (9874.5, 9295.25)
(9874.5, 9295.25), (9875.25, 9295.25)
(9875.25, 9295.25), (9875.25, 9294.75)
(9875.25, 9294.75), (9874.75, 9294.75)
(9874.75, 9294.75), (9874.75, 0.25)
(9874.75, 0.25), (7248.5, 0.25)
(7248.5, 0.25), (7248.5, 9928.25)
(7248.5, 9928.25), (7249.25, 9928.25)
(7249.25, 9928.25), (7249.25, 0.25)
(7249.25, 0.25), (8188.5, 0.25)
(8188.5, 0.25), (8188.5, 1834.25)
(8188.5, 1834.25), (8189.25, 1834.25)
(8189.25, 1834.25), (8189.25, 0.25)
(8189.25, 0.25), (1651.5, 0.25)
(1651.5, 0.25), (1651.5, 6625.25)
(1651.5, 6625.25), (1652.25, 6625.25)
(1652.25, 6625.25), (1652.25, 6624.75)
(1652.25, 6624.75), (1651.75, 6624.75)
(1651.75, 6624.75), (1651.75, 0.25)
(1651.75, 0.25), (4691.5, 0.25)
(4691.5, 0.25), (4691.5, 5946.25)
(4691.5, 5946.25), (4692.25, 5946.25)
(4692.25, 5946.25), (4692.25, 5945.75)
(4692.25, 5945.75), (4691.75, 5945.75)
(4691.75, 5945.75), (4691.75, 0.25)
(4691.75, 0.25), (9478.5, 0.25)
(9478.5, 0.25), (9478.5, 304.25)
(9478.5, 304.25), (9479.25, 304.25)
(9479.25, 304.25), (9479.25, 0.25)
(9479.25, 0.25), (9103.5, 0.25)
(9103.5, 0.25), (9103.5, 6648.25)
(9103.5, 6648.25), (9104.25, 6648.25)
(9104.25, 6648.25), (9104.25, 0.25)
(9104.25, 0.25), (7581.5, 0.25)
(7581.5, 0.25), (7581.5, 6683.25)
(7581.5, 6683.25), (7582.25, 6683.25)
(7582.25, 6683.25), (7582.25, 6682.75)
(7582.25, 6682.75), (7581.75, 6682.75)
(7581.75, 6682.75), (7581.75, 0.25)
(7581.75, 0.25), (5282.5, 0.25)
(5282.5, 0.25), (5282.5, 3818.25)
(5282.5, 3818.25), (5283.25, 3818.25)
(5283.25, 3818.25), (5283.25, 0.25)
(5283.25, 0.25), (5801.5, 0.25)
(5801.5, 0.25), (5801.5, 1892.25)
(5801.5, 1892.25), (5802.25, 1892.25)
(5802.25, 1892.25), (5802.25, 1891.75)
(5802.25, 1891.75), (5801.75, 1891.75)
(5801.75, 1891.75), (5801.75, 0.25)
(5801.75, 0.25), (6369.5, 0.25)
(6369.5, 0.25), (6369.5, 1491.25)
(6369.5, 1491.25), (6370.25, 1491.25)
(6370.25, 1491.25), (6370.25, 0.25)
(6370.25, 0.25), (3245.5, 0.25)
(3245.5, 0.25), (3245.5, 762.25)
(3245.5, 762.25), (3246.25, 762.25)
(3246.25, 762.25), (3246.25, 0.25)
(3246.25, 0.25), (2688.5, 0.25)
(2688.5, 0.25), (2688.5, 9674.25)
(2688.5, 9674.25), (2689.25, 9674.25)
(2689.25, 9674.25), (2689.25, 9673.75)
(2689.25, 9673.75), (2688.75, 9673.75)
(2688.75, 9673.75), (2688.75, 0.25)
(2688.75, 0.25), (861.5, 0.25)
(861.5, 0.25), (861.5, 1195.25)
(861.5, 1195.25), (862.25, 1195.25)
(862.25, 1195.25), (862.25, 0.25)
(862.25, 0.25), (7343.5, 0.25)
(7343.5, 0.25), (7343.5, 185.25)
(7343.5, 185.25), (7344.25, 185.25)
(7344.25, 185.25), (7344.25, 0.25)
(7344.25, 0.25), (3039.5, 0.25)
(3039.5, 0.25), (3039.5, 5615.25)
(3039.5, 5615.25), (3040.25, 5615.25)
(3040.25, 5615.25), (3040.25, 0.25)
(3040.25, 0.25), (4785.5, 0.25)
(4785.5, 0.25), (4785.5, 1548.25)
(4785.5, 1548.25), (4786.25, 1548.25)
(4786.25, 1548.25), (4786.25, 0.25)
(4786.25, 0.25), (2468.5, 0.25)
(2468.5, 0.25), (2468.5, 8043.25)
(2468.5, 8043.25), (2469.25, 8043.25)
(2469.25, 8043.25), (2469.25, 8042.75)
(2469.25, 8042.75), (2468.75, 8042.75)
(2468.75, 8042.75), (2468.75, 0.25)
(2468.75, 0.25), (4649.5, 0.25)
(4649.5, 0.25), (4649.5, 5411.25)
(4649.5, 5411.25), (4650.25, 5411.25)
(4650.25, 5411.25), (4650.25, 5410.75)
(4650.25, 5410.75), (4649.75, 5410.75)
(4649.75, 5410.75), (4649.75, 0.25)
(4649.75, 0.25), (3919.5, 0.25)
(3919.5, 0.25), (3919.5, 4912.25)
(3919.5, 4912.25), (3920.25, 4912.25)
(3920.25, 4912.25), (3920.25, 0.25)
(3920.25, 0.25), (734.5, 0.25)
(734.5, 0.25), (734.5, 291.25)
(734.5, 291.25), (735.25, 291.25)
(735.25, 291.25), (735.25, 0.25)
(735.25, 0.25), (7900.5, 0.25)
(7900.5, 0.25), (7900.5, 9071.25)
(7900.5, 9071.25), (7901.25, 9071.25)
(7901.25, 9071.25), (7901.25, 0.25)
(7901.25, 0.25), (8738.5, 0.25)
(8738.5, 0.25), (8738.5, 503.25)
(8738.5, 503.25), (8739.25, 503.25)
(8739.25, 503.25), (8739.25, 0.25)
(8739.25, 0.25), (5698.5, 0.25)
(5698.5, 0.25), (5698.5, 1940.25)
(5698.5, 1940.25), (5699.25, 1940.25)
(5699.25, 1940.25), (5699.25, 0.25)
(5699.25, 0.25), (8962.5, 0.25)
(8962.5, 0.25), (8962.5, 8115.25)
(8962.5, 8115.25), (8963.25, 8115.25)
(8963.25, 8115.25), (8963.25, 8114.75)
(8963.25, 8114.75), (8962.75, 8114.75)
(8962.75, 8114.75), (8962.75, 0.25)
(8962.75, 0.25), (4379.5, 0.25)
(4379.5, 0.25), (4379.5, 5591.25)
(4379.5, 5591.25), (4380.25, 5591.25)
(4380.25, 5591.25), (4380.25, 0.25)
(4380.25, 0.25), (2646.5, 0.25)
(2646.5, 0.25), (2646.5, 8655.25)
(2646.5, 8655.25), (2647.25, 8655.25)
(2647.25, 8655.25), (2647.25, 8654.75)
(2647.25, 8654.75), (2646.75, 8654.75)
(2646.75, 8654.75), (2646.75, 0.25)
(2646.75, 0.25), (5730.5, 0.25)
(5730.5, 0.25), (5730.5, 6946.25)
(5730.5, 6946.25), (5731.25, 6946.25)
(5731.25, 6946.25), (5731.25, 6945.75)
(5731.25, 6945.75), (5730.75, 6945.75)
(5730.75, 6945.75), (5730.75, 0.25)
(5730.75, 0.25), (4746.5, 0.25)
(4746.5, 0.25), (4746.5, 3930.25)
(4746.5, 3930.25), (4747.25, 3930.25)
(4747.25, 3930.25), (4747.25, 3929.75)
(4747.25, 3929.75), (4746.75, 3929.75)
(4746.75, 3929.75), (4746.75, 0.25)
(4746.75, 0.25), (2956.5, 0.25)
(2956.5, 0.25), (2956.5, 7264.25)
(2956.5, 7264.25), (2957.25, 7264.25)
(2957.25, 7264.25), (2957.25, 7263.75)
(2957.25, 7263.75), (2956.75, 7263.75)
(2956.75, 7263.75), (2956.75, 0.25)
(2956.75, 0.25), (254.5, 0.25)
(254.5, 0.25), (254.5, 8180.25)
(254.5, 8180.25), (255.25, 8180.25)
(255.25, 8180.25), (255.25, 8179.75)
(255.25, 8179.75), (254.75, 8179.75)
(254.75, 8179.75), (254.75, 0.25)
(254.75, 0.25), (3918.5, 0.25)
(3918.5, 0.25), (3918.5, 8530.25)
(3918.5, 8530.25), (3919.25, 8530.25)
(3919.25, 8530.25), (3919.25, 0.25)
(3919.25, 0.25), (9293.5, 0.25)
(9293.5, 0.25), (9293.5, 6643.25)
(9293.5, 6643.25), (9294.25, 6643.25)
(9294.25, 6643.25), (9294.25, 0.25)
(9294.25, 0.25), (2474.5, 0.25)
(2474.5, 0.25), (2474.5, 9643.25)
(2474.5, 9643.25), (2475.25, 9643.25)
(2475.25, 9643.25), (2475.25, 9642.75)
(2475.25, 9642.75), (2474.75, 9642.75)
(2474.75, 9642.75), (2474.75, 0.25)
(2474.75, 0.25), (6517.5, 0.25)
(6517.5, 0.25), (6517.5, 9551.25)
(6517.5, 9551.25), (6518.25, 9551.25)
(6518.25, 9551.25), (6518.25, 9550.75)
(6518.25, 9550.75), (6517.75, 9550.75)
(6517.75, 9550.75), (6517.75, 0.25)
(6517.75, 0.25), (1155.5, 0.25)
(1155.5, 0.25), (1155.5, 6003.25)
(1155.5, 6003.25), (1156.25, 6003.25)
(1156.25, 6003.25), (1156.25, 0.25)
(1156.25, 0.25), (3844.5, 0.25)
(3844.5, 0.25), (3844.5, 5591.25)
(3844.5, 5591.25), (3845.25, 5591.25)
(3845.25, 5591.25), (3845.25, 5590.75)
(3845.25, 5590.75), (3844.75, 5590.75)
(3844.75, 5590.75), (3844.75, 0.25)
(3844.75, 0.25), (2267.5, 0.25)
(2267.5, 0.25), (2267.5, 3950.25)
(2267.5, 3950.25), (2268.25, 3950.25)
(2268.25, 3950.25), (2268.25, 3949.75)
(2268.25, 3949.75), (2267.75, 3949.75)
(2267.75, 3949.75), (2267.75, 0.25)
(2267.75, 0.25), (15.5, 0.25)
(15.5, 0.25), (15.5, 7124.25)
(15.5, 7124.25), (16.25, 7124.25)
(16.25, 7124.25), (16.25, 7123.75)
(16.25, 7123.75), (15.75, 7123.75)
(15.75, 7123.75), (15.75, 0.25)
(15.75, 0.25), (1058.5, 0.25)
(1058.5, 0.25), (1058.5, 4517.25)
(1058.5, 4517.25), (1059.25, 4517.25)
(1059.25, 4517.25), (1059.25, 4516.75)
(1059.25, 4516.75), (1058.75, 4516.75)
(1058.75, 4516.75), (1058.75, 0.25)
(1058.75, 0.25), (1838.5, 0.25)
(1838.5, 0.25), (1838.5, 6486.25)
(1838.5, 6486.25), (1839.25, 6486.25)
(1839.25, 6486.25), (1839.25, 0.25)
(1839.25, 0.25), (2301.5, 0.25)
(2301.5, 0.25), (2301.5, 6258.25)
(2301.5, 6258.25), (2302.25, 6258.25)
(2302.25, 6258.25), (2302.25, 0.25)
(2302.25, 0.25), (6178.5, 0.25)
(6178.5, 0.25), (6178.5, 885.25)
(6178.5, 885.25), (6179.25, 885.25)
(6179.25, 885.25), (6179.25, 0.25)
(6179.25, 0.25), (9143.5, 0.25)
(9143.5, 0.25), (9143.5, 3804.25)
(9143.5, 3804.25), (9144.25, 3804.25)
(9144.25, 3804.25), (9144.25, 0.25)
(9144.25, 0.25), (2806.5, 0.25)
(2806.5, 0.25), (2806.5, 723.25)
(2806.5, 723.25), (2807.25, 723.25)
(2807.25, 723.25), (2807.25, 0.25)
(2807.25, 0.25), (5330.5, 0.25)
(5330.5, 0.25), (5330.5, 6885.25)
(5330.5, 6885.25), (5331.25, 6885.25)
(5331.25, 6885.25), (5331.25, 0.25)
(5331.25, 0.25), (4664.5, 0.25)
(4664.5, 0.25), (4664.5, 73.25)
(4664.5, 73.25), (4665.25, 73.25)
(4665.25, 73.25), (4665.25, 0.25)
(4665.25, 0.25), (43.5, 0.25)
(43.5, 0.25), (43.5, 6499.25)
(43.5, 6499.25), (44.25, 6499.25)
(44.25, 6499.25), (44.25, 0.25)
(44.25, 0.25), (1909.5, 0.25)
(1909.5, 0.25), (1909.5, 7030.25)
(1909.5, 7030.25), (1910.25, 7030.25)
(1910.25, 7030.25), (1910.25, 0.25)
(1910.25, 0.25), (9730.5, 0.25)
(9730.5, 0.25), (9730.5, 1001.25)
(9730.5, 1001.25), (9731.25, 1001.25)
(9731.25, 1001.25), (9731.25, 0.25)
(9731.25, 0.25), (9049.5, 0.25)
(9049.5, 0.25), (9049.5, 4007.25)
(9049.5, 4007.25), (9050.25, 4007.25)
(9050.25, 4007.25), (9050.25, 4006.75)
(9050.25, 4006.75), (9049.75, 4006.75)
(9049.75, 4006.75), (9049.75, 0.25)
(9049.75, 0.25), (5633.5, 0.25)
(5633.5, 0.25), (5633.5, 1519.25)
(5633.5, 1519.25), (5634.25, 1519.25)
(5634.25, 1519.25), (5634.25, 0.25)
(5634.25, 0.25), (2522.5, 0.25)
(2522.5, 0.25), (2522.5, 732.25)
(2522.5, 732.25), (2523.25, 732.25)
(2523.25, 732.25), (2523.25, 0.25)
(2523.25, 0.25), (1079.5, 0.25)
(1079.5, 0.25), (1079.5, 9021.25)
(1079.5, 9021.25), (1080.25, 9021.25)
(1080.25, 9021.25), (1080.25, 9020.75)
(1080.25, 9020.75), (1079.75, 9020.75)
(1079.75, 9020.75), (1079.75, 0.25)
(1079.75, 0.25), (183.5, 0.25)
(183.5, 0.25), (183.5, 1341.25)
(183.5, 1341.25), (184.25, 1341.25)
(184.25, 1341.25), (184.25, 0.25)
(184.25, 0.25), (5791.5, 0.25)
(5791.5, 0.25), (5791.5, 2542.25)
(5791.5, 2542.25), (5792.25, 2542.25)
(5792.25, 2542.25), (5792.25, 0.25)
(5792.25, 0.25), (1272.5, 0.25)
(1272.5, 0.25), (1272.5, 1200.25)
(1272.5, 1200.25), (1273.25, 1200.25)
(1273.25, 1200.25), (1273.25, 0.25)
(1273.25, 0.25), (2296.5, 0.25)
(2296.5, 0.25), (2296.5, 1930.25)
(2296.5, 1930.25), (2297.25, 1930.25)
(2297.25, 1930.25), (2297.25, 0.25)
(2297.25, 0.25), (3329.5, 0.25)
(3329.5, 0.25), (3329.5, 6747.25)
(3329.5, 6747.25), (3330.25, 6747.25)
(3330.25, 6747.25), (3330.25, 0.25)
(3330.25, 0.25), (1656.5, 0.25)
(1656.5, 0.25), (1656.5, 9753.25)
(1656.5, 9753.25), (1657.25, 9753.25)
(1657.25, 9753.25), (1657.25, 9752.75)
(1657.25, 9752.75), (1656.75, 9752.75)
(1656.75, 9752.75), (1656.75, 0.25)
(1656.75, 0.25), (162.5, 0.25)
(162.5, 0.25), (162.5, 2153.25)
(162.5, 2153.25), (163.25, 2153.25)
(163.25, 2153.25), (163.25, 0.25)
(163.25, 0.25), (648.5, 0.25)
(648.5, 0.25), (648.5, 5139.25)
(648.5, 5139.25), (649.25, 5139.25)
(649.25, 5139.25), (649.25, 5138.75)
(649.25, 5138.75), (648.75, 5138.75)
(648.75, 5138.75), (648.75, 0.25)
(648.75, 0.25), (9210.5, 0.25)
(9210.5, 0.25), (9210.5, 2865.25)
(9210.5, 2865.25), (9211.25, 2865.25)
(9211.25, 2865.25), (9211.25, 0.25)
(9211.25, 0.25), (5508.5, 0.25)
(5508.5, 0.25), (5508.5, 8695.25)
(5508.5, 8695.25), (5509.25, 8695.25)
(5509.25, 8695.25), (5509.25, 8694.75)
(5509.25, 8694.75), (5508.75, 8694.75)
(5508.75, 8694.75), (5508.75, 0.25)
(5508.75, 0.25), (9692.5, 0.25)
(9692.5, 0.25), (9692.5, 7161.25)
(9692.5, 7161.25), (9693.25, 7161.25)
(9693.25, 7161.25), (9693.25, 7160.75)
(9693.25, 7160.75), (9692.75, 7160.75)
(9692.75, 7160.75), (9692.75, 0.25)
(9692.75, 0.25), (9115.5, 0.25)
(9115.5, 0.25), (9115.5, 9052.25)
(9115.5, 9052.25), (9116.25, 9052.25)
(9116.25, 9052.25), (9116.25, 0.25)
(9116.25, 0.25), (5670.5, 0.25)
(5670.5, 0.25), (5670.5, 2492.25)
(5670.5, 2492.25), (5671.25, 2492.25)
(5671.25, 2492.25), (5671.25, 0.25)
(5671.25, 0.25), (2363.5, 0.25)
(2363.5, 0.25), (2363.5, 2558.25)
(2363.5, 2558.25), (2364.25, 2558.25)
(2364.25, 2558.25), (2364.25, 0.25)
(2364.25, 0.25), (171.5, 0.25)
(171.5, 0.25), (171.5, 1135.25)
(171.5, 1135.25), (172.25, 1135.25)
(172.25, 1135.25), (172.25, 0.25)
(172.25, 0.25), (9926.5, 0.25)
(9926.5, 0.25), (9926.5, 3782.25)
(9926.5, 3782.25), (9927.25, 3782.25)
(9927.25, 3782.25), (9927.25, 0.25)
(9927.25, 0.25), (2763.5, 0.25)
(2763.5, 0.25), (2763.5, 8493.25)
(2763.5, 8493.25), (2764.25, 8493.25)
(2764.25, 8493.25), (2764.25, 0.25)
(2764.25, 0.25), (2968.5, 0.25)
(2968.5, 0.25), (2968.5, 8547.25)
(2968.5, 8547.25), (2969.25, 8547.25)
(2969.25, 8547.25), (2969.25, 8546.75)
(2969.25, 8546.75), (2968.75, 8546.75)
(2968.75, 8546.75), (2968.75, 0.25)
(2968.75, 0.25), (8076.5, 0.25)
(8076.5, 0.25), (8076.5, 3682.25)
(8076.5, 3682.25), (8077.25, 3682.25)
(8077.25, 3682.25), (8077.25, 0.25)
(8077.25, 0.25), (9454.5, 0.25)
(9454.5, 0.25), (9454.5, 6524.25)
(9454.5, 6524.25), (9455.25, 6524.25)
(9455.25, 6524.25), (9455.25, 0.25)
(9455.25, 0.25), (422.5, 0.25)
(422.5, 0.25), (422.5, 660.25)
(422.5, 660.25), (423.25, 660.25)
(423.25, 660.25), (423.25, 659.75)
(423.25, 659.75), (422.75, 659.75)
(422.75, 659.75), (422.75, 0.25)
(422.75, 0.25), (5363.5, 0.25)
(5363.5, 0.25), (5363.5, 4625.25)
(5363.5, 4625.25), (5364.25, 4625.25)
(5364.25, 4625.25), (5364.25, 4624.75)
(5364.25, 4624.75), (5363.75, 4624.75)
(5363.75, 4624.75), (5363.75, 0.25)
(5363.75, 0.25), (309.5, 0.25)
(309.5, 0.25), (309.5, 6466.25)
(309.5, 6466.25), (310.25, 6466.25)
(310.25, 6466.25), (310.25, 0.25)
(310.25, 0.25), (5985.5, 0.25)
(5985.5, 0.25), (5985.5, 7579.25)
(5985.5, 7579.25), (5986.25, 7579.25)
(5986.25, 7579.25), (5986.25, 7578.75)
(5986.25, 7578.75), (5985.75, 7578.75)
(5985.75, 7578.75), (5985.75, 0.25)
(5985.75, 0.25), (903.5, 0.25)
(903.5, 0.25), (903.5, 610.25)
(903.5, 610.25), (904.25, 610.25)
(904.25, 610.25), (904.25, 0.25)
(904.25, 0.25), (3704.5, 0.25)
(3704.5, 0.25), (3704.5, 9362.25)
(3704.5, 9362.25), (3705.25, 9362.25)
(3705.25, 9362.25), (3705.25, 9361.75)
(3705.25, 9361.75), (3704.75, 9361.75)
(3704.75, 9361.75), (3704.75, 0.25)
(3704.75, 0.25), (8086.5, 0.25)
(8086.5, 0.25), (8086.5, 6115.25)
(8086.5, 6115.25), (8087.25, 6115.25)
(8087.25, 6115.25), (8087.25, 6114.75)
(8087.25, 6114.75), (8086.75, 6114.75)
(8086.75, 6114.75), (8086.75, 0.25)
(8086.75, 0.25), (4684.5, 0.25)
(4684.5, 0.25), (4684.5, 2087.25)
(4684.5, 2087.25), (4685.25, 2087.25)
(4685.25, 2087.25), (4685.25, 0.25)
(4685.25, 0.25), (4848.5, 0.25)
(4848.5, 0.25), (4848.5, 7278.25)
(4848.5, 7278.25), (4849.25, 7278.25)
(4849.25, 7278.25), (4849.25, 7277.75)
(4849.25, 7277.75), (4848.75, 7277.75)
(4848.75, 7277.75), (4848.75, 0.25)
(4848.75, 0.25), (5214.5, 0.25)
(5214.5, 0.25), (5214.5, 6539.25)
(5214.5, 6539.25), (5215.25, 6539.25)
(5215.25, 6539.25), (5215.25, 0.25)
(5215.25, 0.25), (402.5, 0.25)
(402.5, 0.25), (402.5, 3993.25)
(402.5, 3993.25), (403.25, 3993.25)
(403.25, 3993.25), (403.25, 3992.75)
(403.25, 3992.75), (402.75, 3992.75)
(402.75, 3992.75), (402.75, 0.25)
(402.75, 0.25), (2112.5, 0.25)
(2112.5, 0.25), (2112.5, 8610.25)
(2112.5, 8610.25), (2113.25, 8610.25)
(2113.25, 8610.25), (2113.25, 8609.75)
(2113.25, 8609.75), (2112.75, 8609.75)
(2112.75, 8609.75), (2112.75, 0.25)
(2112.75, 0.25), (5172.5, 0.25)
(5172.5, 0.25), (5172.5, 2178.25)
(5172.5, 2178.25), (5173.25, 2178.25)
(5173.25, 2178.25), (5173.25, 0.25)
(5173.25, 0.25), (3767.5, 0.25)
(3767.5, 0.25), (3767.5, 6569.25)
(3767.5, 6569.25), (3768.25, 6569.25)
(3768.25, 6569.25), (3768.25, 0.25)
(3768.25, 0.25), (9926.5, 0.25)
(9926.5, 0.25), (9926.5, 6338.25)
(9926.5, 6338.25), (9927.25, 6338.25)
(9927.25, 6338.25), (9927.25, 6337.75)
(9927.25, 6337.75), (9926.75, 6337.75)
(9926.75, 6337.75), (9926.75, 0.25)
(9926.75, 0.25), (5339.5, 0.25)
(5339.5, 0.25), (5339.5, 1753.25)
(5339.5, 1753.25), (5340.25, 1753.25)
(5340.25, 1753.25), (5340.25, 1752.75)
(5340.25, 1752.75), (5339.75, 1752.75)
(5339.75, 1752.75), (5339.75, 0.25)
(5339.75, 0.25), (9276.5, 0.25)
(9276.5, 0.25), (9276.5, 5636.25)
(9276.5, 5636.25), (9277.25, 5636.25)
(9277.25, 5636.25), (9277.25, 5635.75)
(9277.25, 5635.75), (9276.75, 5635.75)
(9276.75, 5635.75), (9276.75, 0.25)
(9276.75, 0.25), (252.5, 0.25)
(252.5, 0.25), (252.5, 9981.25)
(252.5, 9981.25), (253.25, 9981.25)
(253.25, 9981.25), (253.25, 9980.75)
(253.25, 9980.75), (252.75, 9980.75)
(252.75, 9980.75), (252.75, 0.25)
(252.75, 0.25), (300.5, 0.25)
(300.5, 0.25), (300.5, 7138.25)
(300.5, 7138.25), (301.25, 7138.25)
(301.25, 7138.25), (301.25, 7137.75)
(301.25, 7137.75), (300.75, 7137.75)
(300.75, 7137.75), (300.75, 0.25)
(300.75, 0.25), (1468.5, 0.25)
(1468.5, 0.25), (1468.5, 4022.25)
(1468.5, 4022.25), (1469.25, 4022.25)
(1469.25, 4022.25), (1469.25, 4021.75)
(1469.25, 4021.75), (1468.75, 4021.75)
(1468.75, 4021.75), (1468.75, 0.25)
(1468.75, 0.25), (4994.5, 0.25)
(4994.5, 0.25), (4994.5, 947.25)
(4994.5, 947.25), (4995.25, 947.25)
(4995.25, 947.25), (4995.25, 0.25)
(4995.25, 0.25), (9973.5, 0.25)
(9973.5, 0.25), (9973.5, 3483.25)
(9973.5, 3483.25), (9974.25, 3483.25)
(9974.25, 3483.25), (9974.25, 0.25)
(9974.25, 0.25), (2384.5, 0.25)
(2384.5, 0.25), (2384.5, 5582.25)
(2384.5, 5582.25), (2385.25, 5582.25)
(2385.25, 5582.25), (2385.25, 0.25)
(2385.25, 0.25), (5804.5, 0.25)
(5804.5, 0.25), (5804.5, 4183.25)
(5804.5, 4183.25), (5805.25, 4183.25)
(5805.25, 4183.25), (5805.25, 0.25)
(5805.25, 0.25), (2559.5, 0.25)
(2559.5, 0.25), (2559.5, 2210.25)
(2559.5, 2210.25), (2560.25, 2210.25)
(2560.25, 2210.25), (2560.25, 2209.75)
(2560.25, 2209.75), (2559.75, 2209.75)
(2559.75, 2209.75), (2559.75, 0.25)
(2559.75, 0.25), (6454.5, 0.25)
(6454.5, 0.25), (6454.5, 4857.25)
(6454.5, 4857.25), (6455.25, 4857.25)
(6455.25, 4857.25), (6455.25, 0.25)
(6455.25, 0.25), (7532.5, 0.25)
(7532.5, 0.25), (7532.5, 7849.25)
(7532.5, 7849.25), (7533.25, 7849.25)
(7533.25, 7849.25), (7533.25, 7848.75)
(7533.25, 7848.75), (7532.75, 7848.75)
(7532.75, 7848.75), (7532.75, 0.25)
(7532.75, 0.25), (7270.5, 0.25)
(7270.5, 0.25), (7270.5, 1848.25)
(7270.5, 1848.25), (7271.25, 1848.25)
(7271.25, 1848.25), (7271.25, 1847.75)
(7271.25, 1847.75), (7270.75, 1847.75)
(7270.75, 1847.75), (7270.75, 0.25)
(7270.75, 0.25), (7779.5, 0.25)
(7779.5, 0.25), (7779.5, 3010.25)
(7779.5, 3010.25), (7780.25, 3010.25)
(7780.25, 3010.25), (7780.25, 0.25)
(7780.25, 0.25), (6008.5, 0.25)
(6008.5, 0.25), (6008.5, 505.25)
(6008.5, 505.25), (6009.25, 505.25)
(6009.25, 505.25), (6009.25, 0.25)
(6009.25, 0.25), (1463.5, 0.25)
(1463.5, 0.25), (1463.5, 801.25)
(1463.5, 801.25), (1464.25, 801.25)
(1464.25, 801.25), (1464.25, 0.25)
(1464.25, 0.25), (6299.5, 0.25)
(6299.5, 0.25), (6299.5, 4433.25)
(6299.5, 4433.25), (6300.25, 4433.25)
(6300.25, 4433.25), (6300.25, 0.25)
(6300.25, 0.25), (3194.5, 0.25)
(3194.5, 0.25), (3194.5, 9979.25)
(3194.5, 9979.25), (3195.25, 9979.25)
(3195.25, 9979.25), (3195.25, 0.25)
(3195.25, 0.25), (765.5, 0.25)
(765.5, 0.25), (765.5, 3006.25)
(765.5, 3006.25), (766.25, 3006.25)
(766.25, 3006.25), (766.25, 0.25)
(766.25, 0.25), (9991.5, 0.25)
(9991.5, 0.25), (9991.5, 156.25)
(9991.5, 156.25), (9992.25, 156.25)
(9992.25, 156.25), (9992.25, 0.25)
(9992.25, 0.25), (4408.5, 0.25)
(4408.5, 0.25), (4408.5, 6304.25)
(4408.5, 6304.25), (4409.25, 6304.25)
(4409.25, 6304.25), (4409.25, 0.25)
(4409.25, 0.25), (4964.5, 0.25)
(4964.5, 0.25), (4964.5, 8998.25)
(4964.5, 8998.25), (4965.25, 8998.25)
(4965.25, 8998.25), (4965.25, 0.25)
(4965.25, 0.25), (3064.5, 0.25)
(3064.5, 0.25), (3064.5, 6226.25)
(3064.5, 6226.25), (3065.25, 6226.25)
(3065.25, 6226.25), (3065.25, 6225.75)
(3065.25, 6225.75), (3064.75, 6225.75)
(3064.75, 6225.75), (3064.75, 0.25)
(3064.75, 0.25), (6248.5, 0.25)
(6248.5, 0.25), (6248.5, 2902.25)
(6248.5, 2902.25), (6249.25, 2902.25)
(6249.25, 2902.25), (6249.25, 0.25)
(6249.25, 0.25), (7601.5, 0.25)
(7601.5, 0.25), (7601.5, 7848.25)
(7601.5, 7848.25), (7602.25, 7848.25)
(7602.25, 7848.25), (7602.25, 7847.75)
(7602.25, 7847.75), (7601.75, 7847.75)
(7601.75, 7847.75), (7601.75, 0.25)
(7601.75, 0.25), (1607.5, 0.25)
(1607.5, 0.25), (1607.5, 5615.25)
(1607.5, 5615.25), (1608.25, 5615.25)
(1608.25, 5615.25), (1608.25, 0.25)
(1608.25, 0.25), (3112.5, 0.25)
(3112.5, 0.25), (3112.5, 2074.25)
(3112.5, 2074.25), (3113.25, 2074.25)
(3113.25, 2074.25), (3113.25, 0.25)
(3113.25, 0.25), (2152.5, 0.25)
(2152.5, 0.25), (2152.5, 5948.25)
(2152.5, 5948.25), (2153.25, 5948.25)
(2153.25, 5948.25), (2153.25, 0.25)
(2153.25, 0.25), (8866.5, 0.25)
(8866.5, 0.25), (8866.5, 1298.25)
(8866.5, 1298.25), (8867.25, 1298.25)
(8867.25, 1298.25), (8867.25, 0.25)
(8867.25, 0.25), (2067.5, 0.25)
(2067.5, 0.25), (2067.5, 9095.25)
(2067.5, 9095.25), (2068.25, 9095.25)
(2068.25, 9095.25), (2068.25, 9094.75)
(2068.25, 9094.75), (2067.75, 9094.75)
(2067.75, 9094.75), (2067.75, 0.25)
(2067.75, 0.25), (6134.5, 0.25)
(6134.5, 0.25), (6134.5, 1005.25)
(6134.5, 1005.25), (6135.25, 1005.25)
(6135.25, 1005.25), (6135.25, 1004.75)
(6135.25, 1004.75), (6134.75, 1004.75)
(6134.75, 1004.75), (6134.75, 0.25)
(6134.75, 0.25), (6341.5, 0.25)
(6341.5, 0.25), (6341.5, 897.25)
(6341.5, 897.25), (6342.25, 897.25)
(6342.25, 897.25), (6342.25, 896.75)
(6342.25, 896.75), (6341.75, 896.75)
(6341.75, 896.75), (6341.75, 0.25)
(6341.75, 0.25), (9205.5, 0.25)
(9205.5, 0.25), (9205.5, 5988.25)
(9205.5, 5988.25), (9206.25, 5988.25)
(9206.25, 5988.25), (9206.25, 0.25)
(9206.25, 0.25), (4420.5, 0.25)
(4420.5, 0.25), (4420.5, 2284.25)
(4420.5, 2284.25), (4421.25, 2284.25)
(4421.25, 2284.25), (4421.25, 0.25)
(4421.25, 0.25), (3624.5, 0.25)
(3624.5, 0.25), (3624.5, 6813.25)
(3624.5, 6813.25), (3625.25, 6813.25)
(3625.25, 6813.25), (3625.25, 0.25)
(3625.25, 0.25), (1994.5, 0.25)
(1994.5, 0.25), (1994.5, 8791.25)
(1994.5, 8791.25), (1995.25, 8791.25)
(1995.25, 8791.25), (1995.25, 0.25)
(1995.25, 0.25), (3151.5, 0.25)
(3151.5, 0.25), (3151.5, 4181.25)
(3151.5, 4181.25), (3152.25, 4181.25)
(3152.25, 4181.25), (3152.25, 0.25)
(3152.25, 0.25), (4593.5, 0.25)
(4593.5, 0.25), (4593.5, 1156.25)
(4593.5, 1156.25), (4594.25, 1156.25)
(4594.25, 1156.25), (4594.25, 0.25)
(4594.25, 0.25), (8041.5, 0.25)
(8041.5, 0.25), (8041.5, 6438.25)
(8041.5, 6438.25), (8042.25, 6438.25)
(8042.25, 6438.25), (8042.25, 6437.75)
(8042.25, 6437.75), (8041.75, 6437.75)
(8041.75, 6437.75), (8041.75, 0.25)
(8041.75, 0.25), (9325.5, 0.25)
(9325.5, 0.25), (9325.5, 1012.25)
(9325.5, 1012.25), (9326.25, 1012.25)
(9326.25, 1012.25), (9326.25, 0.25)
(9326.25, 0.25), (157.5, 0.25)
(157.5, 0.25), (157.5, 4034.25)
(157.5, 4034.25), (158.25, 4034.25)
(158.25, 4034.25), (158.25, 0.25)
(158.25, 0.25), (7086.5, 0.25)
(7086.5, 0.25), (7086.5, 4209.25)
(7086.5, 4209.25), (7087.25, 4209.25)
(7087.25, 4209.25), (7087.25, 4208.75)
(7087.25, 4208.75), (7086.75, 4208.75)
(7086.75, 4208.75), (7086.75, 0.25)
(7086.75, 0.25), (2245.5, 0.25)
(2245.5, 0.25), (2245.5, 2725.25)
(2245.5, 2725.25), (2246.25, 2725.25)
(2246.25, 2725.25), (2246.25, 2724.75)
(2246.25, 2724.75), (2245.75, 2724.75)
(2245.75, 2724.75), (2245.75, 0.25)
(2245.75, 0.25), (5479.5, 0.25)
(5479.5, 0.25), (5479.5, 1608.25)
(5479.5, 1608.25), (5480.25, 1608.25)
(5480.25, 1608.25), (5480.25, 0.25)
(5480.25, 0.25), (6956.5, 0.25)
(6956.5, 0.25), (6956.5, 9862.25)
(6956.5, 9862.25), (6957.25, 9862.25)
(6957.25, 9862.25), (6957.25, 9861.75)
(6957.25, 9861.75), (6956.75, 9861.75)
(6956.75, 9861.75), (6956.75, 0.25)
(6956.75, 0.25), (1859.5, 0.25)
(1859.5, 0.25), (1859.5, 6963.25)
(1859.5, 6963.25), (1860.25, 6963.25)
(1860.25, 6963.25), (1860.25, 6962.75)
(1860.25, 6962.75), (1859.75, 6962.75)
(1859.75, 6962.75), (1859.75, 0.25)
(1859.75, 0.25), (4416.5, 0.25)
(4416.5, 0.25), (4416.5, 965.25)
(4416.5, 965.25), (4417.25, 965.25)
(4417.25, 965.25), (4417.25, 0.25)
(4417.25, 0.25), (1995.5, 0.25)
(1995.5, 0.25), (1995.5, 9795.25)
(1995.5, 9795.25), (1996.25, 9795.25)
(1996.25, 9795.25), (1996.25, 0.25)
(1996.25, 0.25), (1886.5, 0.25)
(1886.5, 0.25), (1886.5, 4172.25)
(1886.5, 4172.25), (1887.25, 4172.25)
(1887.25, 4172.25), (1887.25, 4171.75)
(1887.25, 4171.75), (1886.75, 4171.75)
(1886.75, 4171.75), (1886.75, 0.25)
(1886.75, 0.25), (2622.5, 0.25)
(2622.5, 0.25), (2622.5, 498.25)
(2622.5, 498.25), (2623.25, 498.25)
(2623.25, 498.25), (2623.25, 0.25)
(2623.25, 0.25), (7025.5, 0.25)
(7025.5, 0.25), (7025.5, 945.25)
(7025.5, 945.25), (7026.25, 945.25)
(7026.25, 945.25), (7026.25, 0.25)
(7026.25, 0.25), (8998.5, 0.25)
(8998.5, 0.25), (8998.5, 8882.25)
(8998.5, 8882.25), (8999.25, 8882.25)
(8999.25, 8882.25), (8999.25, 8881.75)
(8999.25, 8881.75), (8998.75, 8881.75)
(8998.75, 8881.75), (8998.75, 0.25)
(8998.75, 0.25), (3013.5, 0.25)
(3013.5, 0.25), (3013.5, 674.25)
(3013.5, 674.25), (3014.25, 674.25)
(3014.25, 674.25), (3014.25, 0.25)
(3014.25, 0.25), (96.5, 0.25)
(96.5, 0.25), (96.5, 3709.25)
(96.5, 3709.25), (97.25, 3709.25)
(97.25, 3709.25), (97.25, 0.25)
(97.25, 0.25), (8442.5, 0.25)
(8442.5, 0.25), (8442.5, 373.25)
(8442.5, 373.25), (8443.25, 373.25)
(8443.25, 373.25), (8443.25, 0.25)
(8443.25, 0.25), (2174.5, 0.25)
(2174.5, 0.25), (2174.5, 2315.25)
(2174.5, 2315.25), (2175.25, 2315.25)
(2175.25, 2315.25), (2175.25, 0.25)
(2175.25, 0.25), (4300.5, 0.25)
(4300.5, 0.25), (4300.5, 1914.25)
(4300.5, 1914.25), (4301.25, 1914.25)
(4301.25, 1914.25), (4301.25, 0.25)
(4301.25, 0.25), (8047.5, 0.25)
(8047.5, 0.25), (8047.5, 4537.25)
(8047.5, 4537.25), (8048.25, 4537.25)
(8048.25, 4537.25), (8048.25, 0.25)
(8048.25, 0.25), (8537.5, 0.25)
(8537.5, 0.25), (8537.5, 9463.25)
(8537.5, 9463.25), (8538.25, 9463.25)
(8538.25, 9463.25), (8538.25, 0.25)
(8538.25, 0.25), (206.5, 0.25)
(206.5, 0.25), (206.5, 3895.25)
(206.5, 3895.25), (207.25, 3895.25)
(207.25, 3895.25), (207.25, 3894.75)
(207.25, 3894.75), (206.75, 3894.75)
(206.75, 3894.75), (206.75, 0.25)
(206.75, 0.25), (9244.5, 0.25)
(9244.5, 0.25), (9244.5, 1841.25)
(9244.5, 1841.25), (9245.25, 1841.25)
(9245.25, 1841.25), (9245.25, 0.25)
(9245.25, 0.25), (2753.5, 0.25)
(2753.5, 0.25), (2753.5, 5620.25)
(2753.5, 5620.25), (2754.25, 5620.25)
(2754.25, 5620.25), (2754.25, 0.25)
(2754.25, 0.25), (4459.5, 0.25)
(4459.5, 0.25), (4459.5, 4349.25)
(4459.5, 4349.25), (4460.25, 4349.25)
(4460.25, 4349.25), (4460.25, 0.25)
(4460.25, 0.25), (2383.5, 0.25)
(2383.5, 0.25), (2383.5, 3303.25)
(2383.5, 3303.25), (2384.25, 3303.25)
(2384.25, 3303.25), (2384.25, 0.25)
(2384.25, 0.25), (2624.5, 0.25)
(2624.5, 0.25), (2624.5, 6516.25)
(2624.5, 6516.25), (2625.25, 6516.25)
(2625.25, 6516.25), (2625.25, 6515.75)
(2625.25, 6515.75), (2624.75, 6515.75)
(2624.75, 6515.75), (2624.75, 0.25)
(2624.75, 0.25), (2661.5, 0.25)
(2661.5, 0.25), (2661.5, 9099.25)
(2661.5, 9099.25), (2662.25, 9099.25)
(2662.25, 9099.25), (2662.25, 9098.75)
(2662.25, 9098.75), (2661.75, 9098.75)
(2661.75, 9098.75), (2661.75, 0.25)
(2661.75, 0.25), (4325.5, 0.25)
