5831906
996, 996
(9921.5, 0.25), (9921.5, 5292.25)
(9921.5, 5292.25), (9922.25, 5292.25)
(9922.25, 5292.25), (9922.25, 0.25)
(9922.25, 0.25), (7887.5, 0.25)
(7887.5, 0.25), (7887.5, 225.25)
(7887.5, 225.25), (7888.25, 225.25)
(7888.25, 225.25), (7888.25, 0.25)
(7888.25, 0.25), (7001.5, 0.25)
(7001.5, 0.25), (7001.5, 5814.25)
(7001.5, 5814.25), (7002.25, 5814.25)
(7002.25, 5814.25), (7002.25, 0.25)
(7002.25, 0.25), (5535.5, 0.25)
(5535.5, 0.25), (5535.5, 4078.25)
(5535.5, 4078.25), (5536.25, 4078.25)
(5536.25, 4078.25), (5536.25, 4077.75)
(5536.25, 4077.75), (5535.75, 4077.75)
(5535.75, 4077.75), (5535.75, 0.25)
(5535.75, 0.25), (713.5, 0.25)
(713.5, 0.25), (713.5, 6595.25)
(713.5, 6595.25), (714.25, 6595.25)
(714.25, 6595.25), (714.25, 6594.75)
(714.25, 6594.75), (713.75, 6594.75)
(713.75, 6594.75), (713.75, 0.25)
(713.75, 0.25), (6540.5, 0.25)
(6540.5, 0.25), (6540.5, 6927.25)
(6540.5, 6927.25), (6541.25, 6927.25)
(6541.25, 6927.25), (6541.25, 0.25)
(6541.25, 0.25), (5055.5, 0.25)
(5055.5, 0.25), (5055.5, 5298.25)
(5055.5, 5298.25), (5056.25, 5298.25)
(5056.25, 5298.25), (5056.25, 5297.75)
(5056.25, 5297.75), (5055.75, 5297.75)
(5055.75, 5297.75), (5055.75, 0.25)
(5055.75, 0.25), (9450.5, 0.25)
(9450.5, 0.25), (9450.5, 256.25)
(9450.5, 256.25), (9451.25, 256.25)
(9451.25, 256.25), (9451.25, 0.25)
(9451.25, 0.25), (272.5, 0.25)
(272.5, 0.25), (272.5, 759.25)
(272.5, 759.25), (273.25, 759.25)
(273.25, 759.25), (273.25, 0.25)
(273.25, 0.25), (3415.5, 0.25)
(3415.5, 0.25), (3415.5, 6246.25)
(3415.5, 6246.25), (3416.25, 6246.25)
(3416.25, 6246.25), (3416.25, 6245.75)
(3416.25, 6245.75), (3415.75, 6245.75)
(3415.75, 6245.75), (3415.75, 0.25)
(3415.75, 0.25), (6870.5, 0.25)
(6870.5, 0.25), (6870.5, 3845.25)
(6870.5, 3845.25), (6871.25, 3845.25)
(6871.25, 3845.25), (6871.25, 0.25)
(6871.25, 0.25), (3748.5, 0.25)
(3748.5, 0.25), (3748.5, 551.25)
(3748.5, 551.25), (3749.25, 551.25)
(3749.25, 551.25), (3749.25, 0.25)
(3749.25, 0.25), (5098.5, 0.25)
(5098.5, 0.25), (5098.5, 426.25)
(5098.5, 426.25), (5099.25, 426.25)
(5099.25, 426.25), (5099.25, 0.25)
(5099.25, 0.25), (2050.5, 0.25)
(2050.5, 0.25), (2050.5, 6329.25)
(2050.5, 6329.25), (2051.25, 6329.25)
(2051.25, 6329.25), (2051.25, 6328.75)
(2051.25, 6328.75), (2050.75, 6328.75)
(2050.75, 6328.75), (2050.75, 0.25)
(2050.75, 0.25), (6106.5, 0.25)
(6106.5, 0.25), (6106.5, 8727.25)
(6106.5, 8727.25), (6107.25, 8727.25)
(6107.25, 8727.25), (6107.25, 8726.75)
(6107.25, 8726.75), (6106.75, 8726.75)
(6106.75, 8726.75), (6106.75, 0.25)
(6106.75, 0.25), (3054.5, 0.25)
(3054.5, 0.25), (3054.5, 4153.25)
(3054.5, 4153.25), (3055.25, 4153.25)
(3055.25, 4153.25), (3055.25, 0.25)
(3055.25, 0.25), (5871.5, 0.25)
(5871.5, 0.25), (5871.5, 800.25)
(5871.5, 800.25), (5872.25, 800.25)
(5872.25, 800.25), (5872.25, 0.25)
(5872.25, 0.25), (9692.5, 0.25)
(9692.5, 0.25), (9692.5, 9450.25)
(9692.5, 9450.25), (9693.25, 9450.25)
(9693.25, 9450.25), (9693.25, 0.25)
(9693.25, 0.25), (6708.5, 0.25)
(6708.5, 0.25), (6708.5, 8294.25)
(6708.5, 8294.25), (6709.25, 8294.25)
(6709.25, 8294.25), (6709.25, 8293.75)
(6709.25, 8293.75), (6708.75, 8293.75)
(6708.75, 8293.75), (6708.75, 0.25)
(6708.75, 0.25), (8354.5, 0.25)
(8354.5, 0.25), (8354.5, 7165.25)
(8354.5, 7165.25), (8355.25, 7165.25)
(8355.25, 7165.25), (8355.25, 7164.75)
(8355.25, 7164.75), (8354.75, 7164.75)
(8354.75, 7164.75), (8354.75, 0.25)
(8354.75, 0.25), (7163.5, 0.25)
(7163.5, 0.25), (7163.5, 1722.25)
(7163.5, 1722.25), (7164.25, 1722.25)
(7164.25, 1722.25), (7164.25, 0.25)
(7164.25, 0.25), (7040.5, 0.25)
(7040.5, 0.25), (7040.5, 3147.25)
(7040.5, 3147.25), (7041.25, 3147.25)
(7041.25, 3147.25), (7041.25, 0.25)
(7041.25, 0.25), (4019.5, 0.25)
(4019.5, 0.25), (4019.5, 1431.25)
(4019.5, 1431.25), (4020.25, 1431.25)
(4020.25, 1431.25), (4020.25, 1430.75)
(4020.25, 1430.75), (4019.75, 1430.75)
(4019.75, 1430.75), (4019.75, 0.25)
(4019.75, 0.25), (3312.5, 0.25)
(3312.5, 0.25), (3312.5, 5255.25)
(3312.5, 5255.25), (3313.25, 5255.25)
(3313.25, 5255.25), (3313.25, 0.25)
(3313.25, 0.25), (7435.5, 0.25)
(7435.5, 0.25), (7435.5, 1877.25)
(7435.5, 1877.25), (7436.25, 1877.25)
(7436.25, 1877.25), (7436.25, 1876.75)
(7436.25, 1876.75), (7435.75, 1876.75)
(7435.75, 1876.75), (7435.75, 0.25)
(7435.75, 0.25), (9037.5, 0.25)
(9037.5, 0.25), (9037.5, 8068.25)
(9037.5, 8068.25), (9038.25, 8068.25)
(9038.25, 8068.25), (9038.25, 0.25)
(9038.25, 0.25), (5963.5, 0.25)
(5963.5, 0.25), (5963.5, 6557.25)
(5963.5, 6557.25), (5964.25, 6557.25)
(5964.25, 6557.25), (5964.25, 6556.75)
(5964.25, 6556.75), (5963.75, 6556.75)
(5963.75, 6556.75), (5963.75, 0.25)
(5963.75, 0.25), (211.5, 0.25)
(211.5, 0.25), (211.5, 603.25)
(211.5, 603.25), (212.25, 603.25)
(212.25, 603.25), (212.25, 0.25)
(212.25, 0.25), (17.5, 0.25)
(17.5, 0.25), (17.5, 7966.25)
(17.5, 7966.25), (18.25, 7966.25)
(18.25, 7966.25), (18.25, 7965.75)
(18.25, 7965.75), (17.75, 7965.75)
(17.75, 7965.75), (17.75, 0.25)
(17.75, 0.25), (6734.5, 0.25)
(6734.5, 0.25), (6734.5, 7103.25)
(6734.5, 7103.25), (6735.25, 7103.25)
(6735.25, 7103.25), (6735.25, 0.25)
(6735.25, 0.25), (1485.5, 0.25)
(1485.5, 0.25), (1485.5, 6231.25)
(1485.5, 6231.25), (1486.25, 6231.25)
(1486.25, 6231.25), (1486.25, 6230.75)
(1486.25, 6230.75), (1485.75, 6230.75)
(1485.75, 6230.75), (1485.75, 0.25)
(1485.75, 0.25), (8430.5, 0.25)
(8430.5, 0.25), (8430.5, 5176.25)
(8430.5, 5176.25), (8431.25, 5176.25)
(8431.25, 5176.25), (8431.25, 0.25)
(8431.25, 0.25), (62.5, 0.25)
(62.5, 0.25), (62.5, 4967.25)
(62.5, 4967.25), (63.25, 4967.25)
(63.25, 4967.25), (63.25, 0.25)
(63.25, 0.25), (7499.5, 0.25)
(7499.5, 0.25), (7499.5, 1990.25)
(7499.5, 1990.25), (7500.25, 1990.25)
(7500.25, 1990.25), (7500.25, 0.25)
(7500.25, 0.25), (7331.5, 0.25)
(7331.5, 0.25), (7331.5, 1794.25)
(7331.5, 1794.25), (7332.25, 1794.25)
(7332.25, 1794.25), (7332.25, 0.25)
(7332.25, 0.25), (2636.5, 0.25)
(2636.5, 0.25), (2636.5, 5483.25)
(2636.5, 5483.25), (2637.25, 5483.25)
(2637.25, 5483.25), (2637.25, 5482.75)
(2637.25, 5482.75), (2636.75, 5482.75)
(2636.75, 5482.75), (2636.75, 0.25)
(2636.75, 0.25), (3367.5, 0.25)
(3367.5, 0.25), (3367.5, 5895.25)
(3367.5, 5895.25), (3368.25, 5895.25)
(3368.25, 5895.25), (3368.25, 0.25)
(3368.25, 0.25), (2603.5, 0.25)
(2603.5, 0.25), (2603.5, 9062.25)
(2603.5, 9062.25), (2604.25, 9062.25)
(2604.25, 9062.25), (2604.25, 0.25)
(2604.25, 0.25), (4584.5, 0.25)
(4584.5, 0.25), (4584.5, 265.25)
(4584.5, 265.25), (4585.25, 265.25)
(4585.25, 265.25), (4585.25, 0.25)
(4585.25, 0.25), (963.5, 0.25)
(963.5, 0.25), (963.5, 964.25)
(963.5, 964.25), (964.25, 964.25)
(964.25, 964.25), (964.25, 0.25)
(964.25, 0.25), (916.5, 0.25)
(916.5, 0.25), (916.5, 1782.25)
(916.5, 1782.25), (917.25, 1782.25)
(917.25, 1782.25), (917.25, 0.25)
(917.25, 0.25), (1108.5, 0.25)
(1108.5, 0.25), (1108.5, 2125.25)
(1108.5, 2125.25), (1109.25, 2125.25)
(1109.25, 2125.25), (1109.25, 0.25)
(1109.25, 0.25), (5116.5, 0.25)
(5116.5, 0.25), (5116.5, 3877.25)
(5116.5, 3877.25), (5117.25, 3877.25)
(5117.25, 3877.25), (5117.25, 0.25)
(5117.25, 0.25), (6703.5, 0.25)
(6703.5, 0.25), (6703.5, 2750.25)
(6703.5, 2750.25), (6704.25, 2750.25)
(6704.25, 2750.25), (6704.25, 2749.75)
(6704.25, 2749.75), (6703.75, 2749.75)
(6703.75, 2749.75), (6703.75, 0.25)
(6703.75, 0.25), (4573.5, 0.25)
(4573.5, 0.25), (4573.5, 439.25)
(4573.5, 439.25), (4574.25, 439.25)
(4574.25, 439.25), (4574.25, 0.25)
(4574.25, 0.25), (8957.5, 0.25)
(8957.5, 0.25), (8957.5, 4630.25)
(8957.5, 4630.25), (8958.25, 4630.25)
(8958.25, 4630.25), (8958.25, 4629.75)
(8958.25, 4629.75), (8957.75, 4629.75)
(8957.75, 4629.75), (8957.75, 0.25)
(8957.75, 0.25), (1693.5, 0.25)
(1693.5, 0.25), (1693.5, 9782.25)
(1693.5, 9782.25), (1694.25, 9782.25)
(1694.25, 9782.25), (1694.25, 9781.75)
(1694.25, 9781.75), (1693.75, 9781.75)
(1693.75, 9781.75), (1693.75, 0.25)
(1693.75, 0.25), (1273.5, 0.25)
(1273.5, 0.25), (1273.5, 5520.25)
(1273.5, 5520.25), (1274.25, 5520.25)
(1274.25, 5520.25), (1274.25, 5519.75)
(1274.25, 5519.75), (1273.75, 5519.75)
(1273.75, 5519.75), (1273.75, 0.25)
(1273.75, 0.25), (8263.5, 0.25)
(8263.5, 0.25), (8263.5, 6613.25)
(8263.5, 6613.25), (8264.25, 6613.25)
(8264.25, 6613.25), (8264.25, 6612.75)
(8264.25, 6612.75), (8263.75, 6612.75)
(8263.75, 6612.75), (8263.75, 0.25)
(8263.75, 0.25), (3835.5, 0.25)
(3835.5, 0.25), (3835.5, 177.25)
(3835.5, 177.25), (3836.25, 177.25)
(3836.25, 177.25), (3836.25, 0.25)
(3836.25, 0.25), (4854.5, 0.25)
(4854.5, 0.25), (4854.5, 7670.25)
(4854.5, 7670.25), (4855.25, 7670.25)
(4855.25, 7670.25), (4855.25, 0.25)
(4855.25, 0.25), (5392.5, 0.25)
(5392.5, 0.25), (5392.5, 483.25)
(5392.5, 483.25), (5393.25, 483.25)
(5393.25, 483.25), (5393.25, 0.25)
(5393.25, 0.25), (3318.5, 0.25)
(3318.5, 0.25), (3318.5, 8095.25)
(3318.5, 8095.25), (3319.25, 8095.25)
(3319.25, 8095.25), (3319.25, 0.25)
(3319.25, 0.25), (4334.5, 0.25)
(4334.5, 0.25), (4334.5, 1174.25)
(4334.5, 1174.25), (4335.25, 1174.25)
(4335.25, 1174.25), (4335.25, 0.25)
(4335.25, 0.25), (1417.5, 0.25)
(1417.5, 0.25), (1417.5, 6008.25)
(1417.5, 6008.25), (1418.25, 6008.25)
(1418.25, 6008.25), (1418.25, 6007.75)
(1418.25, 6007.75), (1417.75, 6007.75)
(1417.75, 6007.75), (1417.75, 0.25)
(1417.75, 0.25), (8726.5, 0.25)
(8726.5, 0.25), (8726.5, 858.25)
(8726.5, 858.25), (8727.25, 858.25)
(8727.25, 858.25), (8727.25, 857.75)
(8727.25, 857.75), (8726.75, 857.75)
(8726.75, 857.75), (8726.75, 0.25)
(8726.75, 0.25), (268.5, 0.25)
(268.5, 0.25), (268.5, 5442.25)
(268.5, 5442.25), (269.25, 5442.25)
(269.25, 5442.25), (269.25, 5441.75)
(269.25, 5441.75), (268.75, 5441.75)
(268.75, 5441.75), (268.75, 0.25)
(268.75, 0.25), (6246.5, 0.25)
(6246.5, 0.25), (6246.5, 3919.25)
(6246.5, 3919.25), (6247.25, 3919.25)
(6247.25, 3919.25), (6247.25, 0.25)
(6247.25, 0.25), (8826.5, 0.25)
(8826.5, 0.25), (8826.5, 75.25)
(8826.5, 75.25), (8827.25, 75.25)
(8827.25, 75.25), (8827.25, 0.25)
(8827.25, 0.25), (1380.5, 0.25)
(1380.5, 0.25), (1380.5, 4204.25)
(1380.5, 4204.25), (1381.25, 4204.25)
(1381.25, 4204.25), (1381.25, 0.25)
(1381.25, 0.25), (745.5, 0.25)
(745.5, 0.25), (745.5, 4258.25)
(745.5, 4258.25), (746.25, 4258.25)
(746.25, 4258.25), (746.25, 4257.75)
(746.25, 4257.75), (745.75, 4257.75)
(745.75, 4257.75), (745.75, 0.25)
(745.75, 0.25), (8133.5, 0.25)
(8133.5, 0.25), (8133.5, 8338.25)
(8133.5, 8338.25), (8134.25, 8338.25)
(8134.25, 8338.25), (8134.25, 8337.75)
(8134.25, 8337.75), (8133.75, 8337.75)
(8133.75, 8337.75), (8133.75, 0.25)
(8133.75, 0.25), (7135.5, 0.25)
(7135.5, 0.25), (7135.5, 158.25)
(7135.5, 158.25), (7136.25, 158.25)
(7136.25, 158.25), (7136.25, 0.25)
(7136.25, 0.25), (1157.5, 0.25)
(1157.5, 0.25), (1157.5, 7296.25)
(1157.5, 7296.25), (1158.25, 7296.25)
(1158.25, 7296.25), (1158.25, 7295.75)
(1158.25, 7295.75), (1157.75, 7295.75)
(1157.75, 7295.75), (1157.75, 0.25)
(1157.75, 0.25), (5243.5, 0.25)
(5243.5, 0.25), (5243.5, 5308.25)
(5243.5, 5308.25), (5244.25, 5308.25)
(5244.25, 5308.25), (5244.25, 0.25)
(5244.25, 0.25), (7762.5, 0.25)
(7762.5, 0.25), (7762.5, 6377.25)
(7762.5, 6377.25), (7763.25, 6377.25)
(7763.25, 6377.25), (7763.25, 6376.75)
(7763.25, 6376.75), (7762.75, 6376.75)
(7762.75, 6376.75), (7762.75, 0.25)
(7762.75, 0.25), (6035.5, 0.25)
(6035.5, 0.25), (6035.5, 5567.25)
(6035.5, 5567.25), (6036.25, 5567.25)
(6036.25, 5567.25), (6036.25, 5566.75)
(6036.25, 5566.75), (6035.75, 5566.75)
(6035.75, 5566.75), (6035.75, 0.25)
(6035.75, 0.25), (1487.5, 0.25)
(1487.5, 0.25), (1487.5, 3990.25)
(1487.5, 3990.25), (1488.25, 3990.25)
(1488.25, 3990.25), (1488.25, 3989.75)
(1488.25, 3989.75), (1487.75, 3989.75)
(1487.75, 3989.75), (1487.75, 0.25)
(1487.75, 0.25), (1504.5, 0.25)
(1504.5, 0.25), (1504.5, 2407.25)
(1504.5, 2407.25), (1505.25, 2407.25)
(1505.25, 2407.25), (1505.25, 0.25)
(1505.25, 0.25), (1162.5, 0.25)
(1162.5, 0.25), (1162.5, 2684.25)
(1162.5, 2684.25), (1163.25, 2684.25)
(1163.25, 2684.25), (1163.25, 2683.75)
(1163.25, 2683.75), (1162.75, 2683.75)
(1162.75, 2683.75), (1162.75, 0.25)
(1162.75, 0.25), (3797.5, 0.25)
(3797.5, 0.25), (3797.5, 2834.25)
(3797.5, 2834.25), (3798.25, 2834.25)
(3798.25, 2834.25), (3798.25, 0.25)
(3798.25, 0.25), (3055.5, 0.25)
(3055.5, 0.25), (3055.5, 3523.25)
(3055.5, 3523.25), (3056.25, 3523.25)
(3056.25, 3523.25), (3056.25, 0.25)
(3056.25, 0.25), (889.5, 0.25)
(889.5, 0.25), (889.5, 1192.25)
(889.5, 1192.25), (890.25, 1192.25)
(890.25, 1192.25), (890.25, 0.25)
(890.25, 0.25), (879.5, 0.25)
(879.5, 0.25), (879.5, 5214.25)
(879.5, 5214.25), (880.25, 5214.25)
(880.25, 5214.25), (880.25, 0.25)
(880.25, 0.25), (9349.5, 0.25)
(9349.5, 0.25), (9349.5, 2271.25)
(9349.5, 2271.25), (9350.25, 2271.25)
(9350.25, 2271.25), (9350.25, 0.25)
(9350.25, 0.25), (6736.5, 0.25)
(6736.5, 0.25), (6736.5, 1791.25)
(6736.5, 1791.25), (6737.25, 1791.25)
(6737.25, 1791.25), (6737.25, 0.25)
(6737.25, 0.25), (88.5, 0.25)
(88.5, 0.25), (88.5, 1056.25)
(88.5, 1056.25), (89.25, 1056.25)
(89.25, 1056.25), (89.25, 0.25)
(89.25, 0.25), (3695.5, 0.25)
(3695.5, 0.25), (3695.5, 9239.25)
(3695.5, 9239.25), (3696.25, 9239.25)
(3696.25, 9239.25), (3696.25, 9238.75)
(3696.25, 9238.75), (3695.75, 9238.75)
(3695.75, 9238.75), (3695.75, 0.25)
(3695.75, 0.25), (7909.5, 0.25)
(7909.5, 0.25), (7909.5, 148.25)
(7909.5, 148.25), (7910.25, 148.25)
(7910.25, 148.25), (7910.25, 0.25)
(7910.25, 0.25), (1690.5, 0.25)
(1690.5, 0.25), (1690.5, 8754.25)
(1690.5, 8754.25), (1691.25, 8754.25)
(1691.25, 8754.25), (1691.25, 8753.75)
(1691.25, 8753.75), (1690.75, 8753.75)
(1690.75, 8753.75), (1690.75, 0.25)
(1690.75, 0.25), (5402.5, 0.25)
(5402.5, 0.25), (5402.5, 1136.25)
(5402.5, 1136.25), (5403.25, 1136.25)
(5403.25, 1136.25), (5403.25, 0.25)
(5403.25, 0.25), (8007.5, 0.25)
(8007.5, 0.25), (8007.5, 5976.25)
(8007.5, 5976.25), (8008.25, 5976.25)
(8008.25, 5976.25), (8008.25, 0.25)
(8008.25, 0.25), (1016.5, 0.25)
(1016.5, 0.25), (1016.5, 3700.25)
(1016.5, 3700.25), (1017.25, 3700.25)
(1017.25, 3700.25), (1017.25, 0.25)
(1017.25, 0.25), (6871.5, 0.25)
(6871.5, 0.25), (6871.5, 8709.25)
(6871.5, 8709.25), (6872.25, 8709.25)
(6872.25, 8709.25), (6872.25, 8708.75)
(6872.25, 8708.75), (6871.75, 8708.75)
(6871.75, 8708.75), (6871.75, 0.25)
(6871.75, 0.25), (3442.5, 0.25)
(3442.5, 0.25), (3442.5, 9171.25)
(3442.5, 9171.25), (3443.25, 9171.25)
(3443.25, 9171.25), (3443.25, 0.25)
(3443.25, 0.25), (7178.5, 0.25)
(7178.5, 0.25), (7178.5, 9247.25)
(7178.5, 9247.25), (7179.25, 9247.25)
(7179.25, 9247.25), (7179.25, 0.25)
(7179.25, 0.25), (9375.5, 0.25)
(9375.5, 0.25), (9375.5, 6410.25)
(9375.5, 6410.25), (9376.25, 6410.25)
(9376.25, 6410.25), (9376.25, 0.25)
(9376.25, 0.25), (1167.5, 0.25)
(1167.5, 0.25), (1167.5, 9260.25)
(1167.5, 9260.25), (1168.25, 9260.25)
(1168.25, 9260.25), (1168.25, 0.25)
(1168.25, 0.25), (7119.5, 0.25)
(7119.5, 0.25), (7119.5, 7880.25)
(7119.5, 7880.25), (7120.25, 7880.25)
(7120.25, 7880.25), (7120.25, 7879.75)
(7120.25, 7879.75), (7119.75, 7879.75)
(7119.75, 7879.75), (7119.75, 0.25)
(7119.75, 0.25), (4609.5, 0.25)
(4609.5, 0.25), (4609.5, 8217.25)
(4609.5, 8217.25), (4610.25, 8217.25)
(4610.25, 8217.25), (4610.25, 8216.75)
(4610.25, 8216.75), (4609.75, 8216.75)
(4609.75, 8216.75), (4609.75, 0.25)
(4609.75, 0.25), (6073.5, 0.25)
(6073.5, 0.25), (6073.5, 6401.25)
(6073.5, 6401.25), (6074.25, 6401.25)
(6074.25, 6401.25), (6074.25, 0.25)
(6074.25, 0.25), (833.5, 0.25)
(833.5, 0.25), (833.5, 1267.25)
(833.5, 1267.25), (834.25, 1267.25)
(834.25, 1267.25), (834.25, 0.25)
(834.25, 0.25), (7465.5, 0.25)
(7465.5, 0.25), (7465.5, 8759.25)
(7465.5, 8759.25), (7466.25, 8759.25)
(7466.25, 8759.25), (7466.25, 0.25)
(7466.25, 0.25), (2184.5, 0.25)
(2184.5, 0.25), (2184.5, 3340.25)
(2184.5, 3340.25), (2185.25, 3340.25)
(2185.25, 3340.25), (2185.25, 3339.75)
(2185.25, 3339.75), (2184.75, 3339.75)
(2184.75, 3339.75), (2184.75, 0.25)
(2184.75, 0.25), (2051.5, 0.25)
(2051.5, 0.25), (2051.5, 1995.25)
(2051.5, 1995.25), (2052.25, 1995.25)
(2052.25, 1995.25), (2052.25, 1994.75)
(2052.25, 1994.75), (2051.75, 1994.75)
(2051.75, 1994.75), (2051.75, 0.25)
(2051.75, 0.25), (1280.5, 0.25)
(1280.5, 0.25), (1280.5, 2016.25)
(1280.5, 2016.25), (1281.25, 2016.25)
(1281.25, 2016.25), (1281.25, 0.25)
(1281.25, 0.25), (205.5, 0.25)
(205.5, 0.25), (205.5, 851.25)
(205.5, 851.25), (206.25, 851.25)
(206.25, 851.25), (206.25, 850.75)
(206.25, 850.75), (205.75, 850.75)
(205.75, 850.75), (205.75, 0.25)
(205.75, 0.25), (374.5, 0.25)
(374.5, 0.25), (374.5, 9408.25)
(374.5, 9408.25), (375.25, 9408.25)
(375.25, 9408.25), (375.25, 0.25)
(375.25, 0.25), (2807.5, 0.25)
(2807.5, 0.25), (2807.5, 4356.25)
(2807.5, 4356.25), (2808.25, 4356.25)
(2808.25, 4356.25), (2808.25, 4355.75)
(2808.25, 4355.75), (2807.75, 4355.75)
(2807.75, 4355.75), (2807.75, 0.25)
(2807.75, 0.25), (312.5, 0.25)
(312.5, 0.25), (312.5, 5939.25)
(312.5, 5939.25), (313.25, 5939.25)
(313.25, 5939.25), (313.25, 5938.75)
(313.25, 5938.75), (312.75, 5938.75)
(312.75, 5938.75), (312.75, 0.25)
(312.75, 0.25), (5327.5, 0.25)
(5327.5, 0.25), (5327.5, 8018.25)
(5327.5, 8018.25), (5328.25, 8018.25)
(5328.25, 8018.25), (5328.25, 8017.75)
(5328.25, 8017.75), (5327.75, 8017.75)
(5327.75, 8017.75), (5327.75, 0.25)
(5327.75, 0.25), (4824.5, 0.25)
(4824.5, 0.25), (4824.5, 768.25)
(4824.5, 768.25), (4825.25, 768.25)
(4825.25, 768.25), (4825.25, 767.75)
(4825.25, 767.75), (4824.75, 767.75)
(4824.75, 767.75), (4824.75, 0.25)
(4824.75, 0.25), (3085.5, 0.25)
(3085.5, 0.25), (3085.5, 5081.25)
(3085.5, 5081.25), (3086.25, 5081.25)
(3086.25, 5081.25), (3086.25, 5080.75)
(3086.25, 5080.75), (3085.75, 5080.75)
(3085.75, 5080.75), (3085.75, 0.25)
(3085.75, 0.25), (2366.5, 0.25)
(2366.5, 0.25), (2366.5, 1428.25)
(2366.5, 1428.25), (2367.25, 1428.25)
(2367.25, 1428.25), (2367.25, 0.25)
(2367.25, 0.25), (8791.5, 0.25)
(8791.5, 0.25), (8791.5, 6575.25)
(8791.5, 6575.25), (8792.25, 6575.25)
(8792.25, 6575.25), (8792.25, 6574.75)
(8792.25, 6574.75), (8791.75, 6574.75)
(8791.75, 6574.75), (8791.75, 0.25)
(8791.75, 0.25), (7095.5, 0.25)
(7095.5, 0.25), (7095.5, 6002.25)
(7095.5, 6002.25), (7096.25, 6002.25)
(7096.25, 6002.25), (7096.25, 6001.75)
(7096.25, 6001.75), (7095.75, 6001.75)
(7095.75, 6001.75), (7095.75, 0.25)
(7095.75, 0.25), (4762.5, 0.25)
(4762.5, 0.25), (4762.5, 6109.25)
(4762.5, 6109.25), (4763.25, 6109.25)
(4763.25, 6109.25), (4763.25, 6108.75)
(4763.25, 6108.75), (4762.75, 6108.75)
(4762.75, 6108.75), (4762.75, 0.25)
(4762.75, 0.25), (9488.5, 0.25)
(9488.5, 0.25), (9488.5, 8900.25)
(9488.5, 8900.25), (9489.25, 8900.25)
(9489.25, 8900.25), (9489.25, 0.25)
(9489.25, 0.25), (303.5, 0.25)
(303.5, 0.25), (303.5, 7234.25)
(303.5, 7234.25), (304.25, 7234.25)
(304.25, 7234.25), (304.25, 0.25)
(304.25, 0.25), (8138.5, 0.25)
(8138.5, 0.25), (8138.5, 9775.25)
(8138.5, 9775.25), (8139.25, 9775.25)
(8139.25, 9775.25), (8139.25, 9774.75)
(8139.25, 9774.75), (8138.75, 9774.75)
(8138.75, 9774.75), (8138.75, 0.25)
(8138.75, 0.25), (8427.5, 0.25)
(8427.5, 0.25), (8427.5, 2843.25)
(8427.5, 2843.25), (8428.25, 2843.25)
(8428.25, 2843.25), (8428.25, 0.25)
(8428.25, 0.25), (8770.5, 0.25)
(8770.5, 0.25), (8770.5, 8872.25)
(8770.5, 8872.25), (8771.25, 8872.25)
(8771.25, 8872.25), (8771.25, 8871.75)
(8771.25, 8871.75), (8770.75, 8871.75)
(8770.75, 8871.75), (8770.75, 0.25)
(8770.75, 0.25), (7634.5, 0.25)
(7634.5, 0.25), (7634.5, 4494.25)
(7634.5, 4494.25), (7635.25, 4494.25)
(7635.25, 4494.25), (7635.25, 0.25)
(7635.25, 0.25), (9850.5, 0.25)
(9850.5, 0.25), (9850.5, 7177.25)
(9850.5, 7177.25), (9851.25, 7177.25)
(9851.25, 7177.25), (9851.25, 7176.75)
(9851.25, 7176.75), (9850.75, 7176.75)
(9850.75, 7176.75), (9850.75, 0.25)
(9850.75, 0.25), (4989.5, 0.25)
(4989.5, 0.25), (4989.5, 7423.25)
(4989.5, 7423.25), (4990.25, 7423.25)
(4990.25, 7423.25), (4990.25, 0.25)
(4990.25, 0.25), (812.5, 0.25)
(812.5, 0.25), (812.5, 4284.25)
(812.5, 4284.25), (813.25, 4284.25)
(813.25, 4284.25), (813.25, 0.25)
(813.25, 0.25), (4036.5, 0.25)
(4036.5, 0.25), (4036.5, 9216.25)
(4036.5, 9216.25), (4037.25, 9216.25)
(4037.25, 9216.25), (4037.25, 0.25)
(4037.25, 0.25), (1011.5, 0.25)
(1011.5, 0.25), (1011.5, 1965.25)
(1011.5, 1965.25), (1012.25, 1965.25)
(1012.25, 1965.25), (1012.25, 0.25)
(1012.25, 0.25), (5696.5, 0.25)
(5696.5, 0.25), (5696.5, 8751.25)
(5696.5, 8751.25), (5697.25, 8751.25)
(5697.25, 8751.25), (5697.25, 8750.75)
(5697.25, 8750.75), (5696.75, 8750.75)
(5696.75, 8750.75), (5696.75, 0.25)
(5696.75, 0.25), (6486.5, 0.25)
(6486.5, 0.25), (6486.5, 4868.25)
(6486.5, 4868.25), (6487.25, 4868.25)
(6487.25, 4868.25), (6487.25, 0.25)
(6487.25, 0.25), (8164.5, 0.25)
(8164.5, 0.25), (8164.5, 4786.25)
(8164.5, 4786.25), (8165.25, 4786.25)
(8165.25, 4786.25), (8165.25, 4785.75)
(8165.25, 4785.75), (8164.75, 4785.75)
(8164.75, 4785.75), (8164.75, 0.25)
(8164.75, 0.25), (4476.5, 0.25)
(4476.5, 0.25), (4476.5, 7933.25)
(4476.5, 7933.25), (4477.25, 7933.25)
(4477.25, 7933.25), (4477.25, 7932.75)
(4477.25, 7932.75), (4476.75, 7932.75)
(4476.75, 7932.75), (4476.75, 0.25)
(4476.75, 0.25), (7095.5, 0.25)
(7095.5, 0.25), (7095.5, 233.25)
(7095.5, 233.25), (7096.25, 233.25)
(7096.25, 233.25), (7096.25, 0.25)
(7096.25, 0.25), (5231.5, 0.25)
(5231.5, 0.25), (5231.5, 5541.25)
(5231.5, 5541.25), (5232.25, 5541.25)
(5232.25, 5541.25), (5232.25, 0.25)
(5232.25, 0.25), (821.5, 0.25)
(821.5, 0.25), (821.5, 4872.25)
(821.5, 4872.25), (822.25, 4872.25)
(822.25, 4872.25), (822.25, 0.25)
(822.25, 0.25), (7600.5, 0.25)
(7600.5, 0.25), (7600.5, 4192.25)
(7600.5, 4192.25), (7601.25, 4192.25)
(7601.25, 4192.25), (7601.25, 0.25)
(7601.25, 0.25), (2733.5, 0.25)
(2733.5, 0.25), (2733.5, 9921.25)
(2733.5, 9921.25), (2734.25, 9921.25)
(2734.25, 9921.25), (2734.25, 0.25)
(2734.25, 0.25), (5577.5, 0.25)
(5577.5, 0.25), (5577.5, 4519.25)
(5577.5, 4519.25), (5578.25, 4519.25)
(5578.25, 4519.25), (5578.25, 4518.75)
(5578.25, 4518.75), (5577.75, 4518.75)
(5577.75, 4518.75), (5577.75, 0.25)
(5577.75, 0.25), (1506.5, 0.25)
(1506.5, 0.25), (1506.5, 4872.25)
(1506.5, 4872.25), (1507.25, 4872.25)
(1507.25, 4872.25), (1507.25, 0.25)
(1507.25, 0.25), (6479.5, 0.25)
(6479.5, 0.25), (6479.5, 9268.25)
(6479.5, 9268.25), (6480.25, 9268.25)
(6480.25, 9268.25), (6480.25, 9267.75)
(6480.25, 9267.75), (6479.75, 9267.75)
(6479.75, 9267.75), (6479.75, 0.25)
(6479.75, 0.25), (4125.5, 0.25)
(4125.5, 0.25), (4125.5, 6906.25)
(4125.5, 6906.25), (4126.25, 6906.25)
(4126.25, 6906.25), (4126.25, 0.25)
(4126.25, 0.25), (6735.5, 0.25)
(6735.5, 0.25), (6735.5, 2611.25)
(6735.5, 2611.25), (6736.25, 2611.25)
(6736.25, 2611.25), (6736.25, 0.25)
(6736.25, 0.25), (2710.5, 0.25)
(2710.5, 0.25), (2710.5, 4545.25)
(2710.5, 4545.25), (2711.25, 4545.25)
(2711.25, 4545.25), (2711.25, 4544.75)
(2711.25, 4544.75), (2710.75, 4544.75)
(2710.75, 4544.75), (2710.75, 0.25)
(2710.75, 0.25), (7252.5, 0.25)
(7252.5, 0.25), (7252.5, 3048.25)
(7252.5, 3048.25), (7253.25, 3048.25)
(7253.25, 3048.25), (7253.25, 0.25)
(7253.25, 0.25), (5886.5, 0.25)
(5886.5, 0.25), (5886.5, 3643.25)
(5886.5, 3643.25), (5887.25, 3643.25)
(5887.25, 3643.25), (5887.25, 0.25)
(5887.25, 0.25), (4139.5, 0.25)
(4139.5, 0.25), (4139.5, 7241.25)
(4139.5, 7241.25), (4140.25, 7241.25)
(4140.25, 7241.25), (4140.25, 7240.75)
(4140.25, 7240.75), (4139.75, 7240.75)
(4139.75, 7240.75), (4139.75, 0.25)
(4139.75, 0.25), (6693.5, 0.25)
(6693.5, 0.25), (6693.5, 1798.25)
(6693.5, 1798.25), (6694.25, 1798.25)
(6694.25, 1798.25), (6694.25, 0.25)
(6694.25, 0.25), (5245.5, 0.25)
(5245.5, 0.25), (5245.5, 6805.25)
(5245.5, 6805.25), (5246.25, 6805.25)
(5246.25, 6805.25), (5246.25, 0.25)
(5246.25, 0.25), (4214.5, 0.25)
(4214.5, 0.25), (4214.5, 5595.25)
(4214.5, 5595.25), (4215.25, 5595.25)
(4215.25, 5595.25), (4215.25, 5594.75)
(4215.25, 5594.75), (4214.75, 5594.75)
(4214.75, 5594.75), (4214.75, 0.25)
(4214.75, 0.25), (2739.5, 0.25)
(2739.5, 0.25), (2739.5, 4407.25)
(2739.5, 4407.25), (2740.25, 4407.25)
(2740.25, 4407.25), (2740.25, 0.25)
(2740.25, 0.25), (9591.5, 0.25)
(9591.5, 0.25), (9591.5, 6669.25)
(9591.5, 6669.25), (9592.25, 6669.25)
(9592.25, 6669.25), (9592.25, 6668.75)
(9592.25, 6668.75), (9591.75, 6668.75)
(9591.75, 6668.75), (9591.75, 0.25)
(9591.75, 0.25), (887.5, 0.25)
(887.5, 0.25), (887.5, 5815.25)
(887.5, 5815.25), (888.25, 5815.25)
(888.25, 5815.25), (888.25, 5814.75)
(888.25, 5814.75), (887.75, 5814.75)
(887.75, 5814.75), (887.75, 0.25)
(887.75, 0.25), (9724.5, 0.25)
(9724.5, 0.25), (9724.5, 596.25)
(9724.5, 596.25), (9725.25, 596.25)
(9725.25, 596.25), (9725.25, 0.25)
(9725.25, 0.25), (6634.5, 0.25)
(6634.5, 0.25), (6634.5, 1420.25)
(6634.5, 1420.25), (6635.25, 1420.25)
(6635.25, 1420.25), (6635.25, 0.25)
(6635.25, 0.25), (6797.5, 0.25)
(6797.5, 0.25), (6797.5, 7362.25)
(6797.5, 7362.25), (6798.25, 7362.25)
(6798.25, 7362.25), (6798.25, 0.25)
(6798.25, 0.25), (4815.5, 0.25)
(4815.5, 0.25), (4815.5, 9380.25)
(4815.5, 9380.25), (4816.25, 9380.25)
(4816.25, 9380.25), (4816.25, 9379.75)
(4816.25, 9379.75), (4815.75, 9379.75)
(4815.75, 9379.75), (4815.75, 0.25)
(4815.75, 0.25), (2789.5, 0.25)
(2789.5, 0.25), (2789.5, 4703.25)
(2789.5, 4703.25), (2790.25, 4703.25)
(2790.25, 4703.25), (2790.25, 0.25)
(2790.25, 0.25), (2427.5, 0.25)
(2427.5, 0.25), (2427.5, 3531.25)
(2427.5, 3531.25), (2428.25, 3531.25)
(2428.25, 3531.25), (2428.25, 0.25)
(2428.25, 0.25), (7877.5, 0.25)
(7877.5, 0.25), (7877.5, 1840.25)
(7877.5, 1840.25), (7878.25, 1840.25)
(7878.25, 1840.25), (7878.25, 0.25)
(7878.25, 0.25), (2961.5, 0.25)
(2961.5, 0.25), (2961.5, 1784.25)
(2961.5, 1784.25), (2962.25, 1784.25)
(2962.25, 1784.25), (2962.25, 0.25)
(2962.25, 0.25), (1569.5, 0.25)
(1569.5, 0.25), (1569.5, 5576.25)
(1569.5, 5576.25), (1570.25, 5576.25)
(1570.25, 5576.25), (1570.25, 5575.75)
(1570.25, 5575.75), (1569.75, 5575.75)
(1569.75, 5575.75), (1569.75, 0.25)
(1569.75, 0.25), (6098.5, 0.25)
(6098.5, 0.25), (6098.5, 5061.25)
(6098.5, 5061.25), (6099.25, 5061.25)
(6099.25, 5061.25), (6099.25, 5060.75)
(6099.25, 5060.75), (6098.75, 5060.75)
(6098.75, 5060.75), (6098.75, 0.25)
(6098.75, 0.25), (8410.5, 0.25)
(8410.5, 0.25), (8410.5, 2492.25)
(8410.5, 2492.25), (8411.25, 2492.25)
(8411.25, 2492.25), (8411.25, 2491.75)
(8411.25, 2491.75), (8410.75, 2491.75)
(8410.75, 2491.75), (8410.75, 0.25)
(8410.75, 0.25), (7547.5, 0.25)
(7547.5, 0.25), (7547.5, 1173.25)
(7547.5, 1173.25), (7548.25, 1173.25)
(7548.25, 1173.25), (7548.25, 0.25)
(7548.25, 0.25), (2770.5, 0.25)
(2770.5, 0.25), (2770.5, 7139.25)
(2770.5, 7139.25), (2771.25, 7139.25)
(2771.25, 7139.25), (2771.25, 7138.75)
(2771.25, 7138.75), (2770.75, 7138.75)
(2770.75, 7138.75), (2770.75, 0.25)
(2770.75, 0.25), (6190.5, 0.25)
(6190.5, 0.25), (6190.5, 7841.25)
(6190.5, 7841.25), (6191.25, 7841.25)
(6191.25, 7841.25), (6191.25, 0.25)
(6191.25, 0.25), (6194.5, 0.25)
(6194.5, 0.25), (6194.5, 8442.25)
(6194.5, 8442.25), (6195.25, 8442.25)
(6195.25, 8442.25), (6195.25, 8441.75)
(6195.25, 8441.75), (6194.75, 8441.75)
(6194.75, 8441.75), (6194.75, 0.25)
(6194.75, 0.25), (504.5, 0.25)
(504.5, 0.25), (504.5, 229.25)
(504.5, 229.25), (505.25, 229.25)
(505.25, 229.25), (505.25, 0.25)
(505.25, 0.25), (7388.5, 0.25)
(7388.5, 0.25), (7388.5, 3191.25)
(7388.5, 3191.25), (7389.25, 3191.25)
(7389.25, 3191.25), (7389.25, 3190.75)
(7389.25, 3190.75), (7388.75, 3190.75)
(7388.75, 3190.75), (7388.75, 0.25)
(7388.75, 0.25), (6924.5, 0.25)
(6924.5, 0.25), (6924.5, 2169.25)
(6924.5, 2169.25), (6925.25, 2169.25)
(6925.25, 2169.25), (6925.25, 0.25)
(6925.25, 0.25), (819.5, 0.25)
(819.5, 0.25), (819.5, 2897.25)
(819.5, 2897.25), (820.25, 2897.25)
(820.25, 2897.25), (820.25, 0.25)
(820.25, 0.25), (6710.5, 0.25)
(6710.5, 0.25), (6710.5, 1986.25)
(6710.5, 1986.25), (6711.25, 1986.25)
(6711.25, 1986.25), (6711.25, 0.25)
(6711.25, 0.25), (2779.5, 0.25)
(2779.5, 0.25), (2779.5, 3137.25)
(2779.5, 3137.25), (2780.25, 3137.25)
(2780.25, 3137.25), (2780.25, 0.25)
(2780.25, 0.25), (5539.5, 0.25)
(5539.5, 0.25), (5539.5, 2480.25)
(5539.5, 2480.25), (5540.25, 2480.25)
(5540.25, 2480.25), (5540.25, 0.25)
(5540.25, 0.25), (8631.5, 0.25)
(8631.5, 0.25), (8631.5, 7809.25)
(8631.5, 7809.25), (8632.25, 7809.25)
(8632.25, 7809.25), (8632.25, 0.25)
(8632.25, 0.25), (3624.5, 0.25)
(3624.5, 0.25), (3624.5, 3819.25)
(3624.5, 3819.25), (3625.25, 3819.25)
(3625.25, 3819.25), (3625.25, 0.25)
(3625.25, 0.25), (8482.5, 0.25)
(8482.5, 0.25), (8482.5, 947.25)
(8482.5, 947.25), (8483.25, 947.25)
(8483.25, 947.25), (8483.25, 0.25)
(8483.25, 0.25), (9272.5, 0.25)
(9272.5, 0.25), (9272.5, 9151.25)
(9272.5, 9151.25), (9273.25, 9151.25)
(9273.25, 9151.25), (9273.25, 0.25)
(9273.25, 0.25), (27.5, 0.25)
(27.5, 0.25), (27.5, 9865.25)
(27.5, 9865.25), (28.25, 9865.25)
(28.25, 9865.25), (28.25, 0.25)
(28.25, 0.25), (6136.5, 0.25)
(6136.5, 0.25), (6136.5, 317.25)
(6136.5, 317.25), (6137.25, 317.25)
(6137.25, 317.25), (6137.25, 0.25)
(6137.25, 0.25), (7187.5, 0.25)
(7187.5, 0.25), (7187.5, 9088.25)
(7187.5, 9088.25), (7188.25, 9088.25)
(7188.25, 9088.25), (7188.25, 9087.75)
(7188.25, 9087.75), (7187.75, 9087.75)
(7187.75, 9087.75), (7187.75, 0.25)
(7187.75, 0.25), (4406.5, 0.25)
(4406.5, 0.25), (4406.5, 3083.25)
(4406.5, 3083.25), (4407.25, 3083.25)
(4407.25, 3083.25), (4407.25, 0.25)
(4407.25, 0.25), (5917.5, 0.25)
(5917.5, 0.25), (5917.5, 1402.25)
(5917.5, 1402.25), (5918.25, 1402.25)
(5918.25, 1402.25), (5918.25, 0.25)
(5918.25, 0.25), (8722.5, 0.25)
(8722.5, 0.25), (8722.5, 6649.25)
(8722.5, 6649.25), (8723.25, 6649.25)
(8723.25, 6649.25), (8723.25, 0.25)
(8723.25, 0.25), (4457.5, 0.25)
(4457.5, 0.25), (4457.5, 3156.25)
(4457.5, 3156.25), (4458.25, 3156.25)
(4458.25, 3156.25), (4458.25, 0.25)
(4458.25, 0.25), (5762.5, 0.25)
(5762.5, 0.25), (5762.5, 4799.25)
(5762.5, 4799.25), (5763.25, 4799.25)
(5763.25, 4799.25), (5763.25, 0.25)
(5763.25, 0.25), (7879.5, 0.25)
(7879.5, 0.25), (7879.5, 3745.25)
(7879.5, 3745.25), (7880.25, 3745.25)
(7880.25, 3745.25), (7880.25, 0.25)
(7880.25, 0.25), (4256.5, 0.25)
(4256.5, 0.25), (4256.5, 1950.25)
(4256.5, 1950.25), (4257.25, 1950.25)
(4257.25, 1950.25), (4257.25, 0.25)
(4257.25, 0.25), (2122.5, 0.25)
(2122.5, 0.25), (2122.5, 1979.25)
(2122.5, 1979.25), (2123.25, 1979.25)
(2123.25, 1979.25), (2123.25, 0.25)
(2123.25, 0.25), (1809.5, 0.25)
(1809.5, 0.25), (1809.5, 5377.25)
(1809.5, 5377.25), (1810.25, 5377.25)
(1810.25, 5377.25), (1810.25, 0.25)
(1810.25, 0.25), (6256.5, 0.25)
(6256.5, 0.25), (6256.5, 4776.25)
(6256.5, 4776.25), (6257.25, 4776.25)
(6257.25, 4776.25), (6257.25, 0.25)
(6257.25, 0.25), (5845.5, 0.25)
(5845.5, 0.25), (5845.5, 4488.25)
(5845.5, 4488.25), (5846.25, 4488.25)
(5846.25, 4488.25), (5846.25, 4487.75)
(5846.25, 4487.75), (5845.75, 4487.75)
(5845.75, 4487.75), (5845.75, 0.25)
(5845.75, 0.25), (883.5, 0.25)
(883.5, 0.25), (883.5, 2393.25)
(883.5, 2393.25), (884.25, 2393.25)
(884.25, 2393.25), (884.25, 0.25)
(884.25, 0.25), (1639.5, 0.25)
(1639.5, 0.25), (1639.5, 342.25)
(1639.5, 342.25), (1640.25, 342.25)
(1640.25, 342.25), (1640.25, 0.25)
(1640.25, 0.25), (1908.5, 0.25)
(1908.5, 0.25), (1908.5, 2196.25)
(1908.5, 2196.25), (1909.25, 2196.25)
(1909.25, 2196.25), (1909.25, 0.25)
(1909.25, 0.25), (2165.5, 0.25)
(2165.5, 0.25), (2165.5, 415.25)
(2165.5, 415.25), (2166.25, 415.25)
(2166.25, 415.25), (2166.25, 0.25)
(2166.25, 0.25), (4732.5, 0.25)
(4732.5, 0.25), (4732.5, 2525.25)
(4732.5, 2525.25), (4733.25, 2525.25)
(4733.25, 2525.25), (4733.25, 0.25)
(4733.25, 0.25), (6451.5, 0.25)
(6451.5, 0.25), (6451.5, 2274.25)
(6451.5, 2274.25), (6452.25, 2274.25)
(6452.25, 2274.25), (6452.25, 0.25)
(6452.25, 0.25), (7019.5, 0.25)
(7019.5, 0.25), (7019.5, 5982.25)
(7019.5, 5982.25), (7020.25, 5982.25)
(7020.25, 5982.25), (7020.25, 0.25)
(7020.25, 0.25), (2643.5, 0.25)
(2643.5, 0.25), (2643.5, 2534.25)
(2643.5, 2534.25), (2644.25, 2534.25)
(2644.25, 2534.25), (2644.25, 0.25)
(2644.25, 0.25), (8533.5, 0.25)
(8533.5, 0.25), (8533.5, 4404.25)
(8533.5, 4404.25), (8534.25, 4404.25)
(8534.25, 4404.25), (8534.25, 0.25)
(8534.25, 0.25), (4756.5, 0.25)
(4756.5, 0.25), (4756.5, 2020.25)
(4756.5, 2020.25), (4757.25, 2020.25)
(4757.25, 2020.25), (4757.25, 2019.75)
(4757.25, 2019.75), (4756.75, 2019.75)
(4756.75, 2019.75), (4756.75, 0.25)
(4756.75, 0.25), (938.5, 0.25)
(938.5, 0.25), (938.5, 2087.25)
(938.5, 2087.25), (939.25, 2087.25)
(939.25, 2087.25), (939.25, 0.25)
(939.25, 0.25), (7807.5, 0.25)
(7807.5, 0.25), (7807.5, 2372.25)
(7807.5, 2372.25), (7808.25, 2372.25)
(7808.25, 2372.25), (7808.25, 0.25)
(7808.25, 0.25), (999.5, 0.25)
(999.5, 0.25), (999.5, 8830.25)
(999.5, 8830.25), (1000.25, 8830.25)
(1000.25, 8830.25), (1000.25, 8829.75)
(1000.25, 8829.75), (999.75, 8829.75)
(999.75, 8829.75), (999.75, 0.25)
(999.75, 0.25), (1248.5, 0.25)
(1248.5, 0.25), (1248.5, 5751.25)
(1248.5, 5751.25), (1249.25, 5751.25)
(1249.25, 5751.25), (1249.25, 0.25)
(1249.25, 0.25), (5751.5, 0.25)
(5751.5, 0.25), (5751.5, 1474.25)
(5751.5, 1474.25), (5752.25, 1474.25)
(5752.25, 1474.25), (5752.25, 0.25)
(5752.25, 0.25), (9278.5, 0.25)
(9278.5, 0.25), (9278.5, 5547.25)
(9278.5, 5547.25), (9279.25, 5547.25)
(9279.25, 5547.25), (9279.25, 0.25)
(9279.25, 0.25), (2808.5, 0.25)
(2808.5, 0.25), (2808.5, 4615.25)
(2808.5, 4615.25), (2809.25, 4615.25)
(2809.25, 4615.25), (2809.25, 4614.75)
(2809.25, 4614.75), (2808.75, 4614.75)
(2808.75, 4614.75), (2808.75, 0.25)
(2808.75, 0.25), (8046.5, 0.25)
(8046.5, 0.25), (8046.5, 1891.25)
(8046.5, 1891.25), (8047.25, 1891.25)
(8047.25, 1891.25), (8047.25, 0.25)
(8047.25, 0.25), (4933.5, 0.25)
(4933.5, 0.25), (4933.5, 7949.25)
(4933.5, 7949.25), (4934.25, 7949.25)
(4934.25, 7949.25), (4934.25, 7948.75)
(4934.25, 7948.75), (4933.75, 7948.75)
(4933.75, 7948.75), (4933.75, 0.25)
(4933.75, 0.25), (9726.5, 0.25)
(9726.5, 0.25), (9726.5, 3293.25)
(9726.5, 3293.25), (9727.25, 3293.25)
(9727.25, 3293.25), (9727.25, 0.25)
(9727.25, 0.25), (5876.5, 0.25)
(5876.5, 0.25), (5876.5, 4721.25)
(5876.5, 4721.25), (5877.25, 4721.25)
(5877.25, 4721.25), (5877.25, 0.25)
(5877.25, 0.25), (6933.5, 0.25)
(6933.5, 0.25), (6933.5, 284.25)
(6933.5, 284.25), (6934.25, 284.25)
(6934.25, 284.25), (6934.25, 0.25)
(6934.25, 0.25), (4565.5, 0.25)
(4565.5, 0.25), (4565.5, 7369.25)
(4565.5, 7369.25), (4566.25, 7369.25)
(4566.25, 7369.25), (4566.25, 0.25)
(4566.25, 0.25), (1558.5, 0.25)
(1558.5, 0.25), (1558.5, 2634.25)
(1558.5, 2634.25), (1559.25, 2634.25)
(1559.25, 2634.25), (1559.25, 0.25)
(1559.25, 0.25), (69.5, 0.25)
(69.5, 0.25), (69.5, 1937.25)
(69.5, 1937.25), (70.25, 1937.25)
(70.25, 1937.25), (70.25, 0.25)
(70.25, 0.25), (9236.5, 0.25)
(9236.5, 0.25), (9236.5, 6731.25)
(9236.5, 6731.25), (9237.25, 6731.25)
(9237.25, 6731.25), (9237.25, 6730.75)
(9237.25, 6730.75), (9236.75, 6730.75)
(9236.75, 6730.75), (9236.75, 0.25)
(9236.75, 0.25), (2126.5, 0.25)
(2126.5, 0.25), (2126.5, 4133.25)
(2126.5, 4133.25), (2127.25, 4133.25)
(2127.25, 4133.25), (2127.25, 0.25)
(2127.25, 0.25), (8013.5, 0.25)
(8013.5, 0.25), (8013.5, 2081.25)
(8013.5, 2081.25), (8014.25, 2081.25)
(8014.25, 2081.25), (8014.25, 0.25)
(8014.25, 0.25), (6292.5, 0.25)
(6292.5, 0.25), (6292.5, 4121.25)
(6292.5, 4121.25), (6293.25, 4121.25)
(6293.25, 4121.25), (6293.25, 4120.75)
(6293.25, 4120.75), (6292.75, 4120.75)
(6292.75, 4120.75), (6292.75, 0.25)
(6292.75, 0.25), (1719.5, 0.25)
(1719.5, 0.25), (1719.5, 8843.25)
(1719.5, 8843.25), (1720.25, 8843.25)
(1720.25, 8843.25), (1720.25, 8842.75)
(1720.25, 8842.75), (1719.75, 8842.75)
(1719.75, 8842.75), (1719.75, 0.25)
(1719.75, 0.25), (9921.5, 0.25)
