2345380
640, 640
(0.25, 0.25), (10000, 0.25)
(10000, 0.25), (10000, 0.5)
(10000, 0.5), (9410.5, 0.5)
(9410.5, 0.5), (9410.5, 545.25)
(9410.5, 545.25), (9336.75, 545.25)
(9336.75, 545.25), (9336.75, 436.75)
(9336.75, 436.75), (9410.25, 436.75)
(9410.25, 436.75), (9410.25, 0.5)
(9410.25, 0.5), (8906.5, 0.5)
(8906.5, 0.5), (8906.5, 140.25)
(8906.5, 140.25), (8738.75, 140.25)
(8738.75, 140.25), (8738.75, 6.75)
(8738.75, 6.75), (8906.25, 6.75)
(8906.25, 6.75), (8906.25, 0.5)
(8906.25, 0.5), (7328.5, 0.5)
(7328.5, 0.5), (7328.5, 372.25)
(7328.5, 372.25), (7195.75, 372.25)
(7195.75, 372.25), (7195.75, 239.75)
(7195.75, 239.75), (7328.25, 239.75)
(7328.25, 239.75), (7328.25, 0.5)
(7328.25, 0.5), (6657.5, 0.5)
(6657.5, 0.5), (6657.5, 85.25)
(6657.5, 85.25), (6080.75, 85.25)
(6080.75, 85.25), (6080.75, 39.75)
(6080.75, 39.75), (6657.25, 39.75)
(6657.25, 39.75), (6657.25, 0.5)
(6657.25, 0.5), (5263.5, 0.5)
(5263.5, 0.5), (5263.5, 194.25)
(5263.5, 194.25), (4999.75, 194.25)
(4999.75, 194.25), (4999.75, 58.75)
(4999.75, 58.75), (5263.25, 58.75)
(5263.25, 58.75), (5263.25, 0.5)
(5263.25, 0.5), (4540.5, 0.5)
(4540.5, 0.5), (4540.5, 945.25)
(4540.5, 945.25), (4294.75, 945.25)
(4294.75, 945.25), (4294.75, 818.75)
(4294.75, 818.75), (4540.25, 818.75)
(4540.25, 818.75), (4540.25, 0.5)
(4540.25, 0.5), (3395.5, 0.5)
(3395.5, 0.5), (3395.5, 959.25)
(3395.5, 959.25), (3313.75, 959.25)
(3313.75, 959.25), (3313.75, 603.75)
(3313.75, 603.75), (3395.25, 603.75)
(3395.25, 603.75), (3395.25, 0.5)
(3395.25, 0.5), (2104.5, 0.5)
(2104.5, 0.5), (2104.5, 699.25)
(2104.5, 699.25), (2047.75, 699.25)
(2047.75, 699.25), (2047.75, 423.75)
(2047.75, 423.75), (2104.25, 423.75)
(2104.25, 423.75), (2104.25, 0.5)
(2104.25, 0.5), (1410.5, 0.5)
(1410.5, 0.5), (1410.5, 627.25)
(1410.5, 627.25), (1349.75, 627.25)
(1349.75, 627.25), (1349.75, 196.75)
(1349.75, 196.75), (1410.25, 196.75)
(1410.25, 196.75), (1410.25, 0.5)
(1410.25, 0.5), (996.5, 0.5)
(996.5, 0.5), (996.5, 949.25)
(996.5, 949.25), (893.75, 949.25)
(893.75, 949.25), (893.75, 497.75)
(893.75, 497.75), (996.25, 497.75)
(996.25, 497.75), (996.25, 0.5)
(996.25, 0.5), (0.5, 0.5)
(0.5, 0.5), (0.5, 1000.25)
(0.5, 1000.25), (10000, 1000.25)
(10000, 1000.25), (10000, 1000.5)
(10000, 1000.5), (9536.5, 1000.5)
(9536.5, 1000.5), (9536.5, 1322.25)
(9536.5, 1322.25), (9433.75, 1322.25)
(9433.75, 1322.25), (9433.75, 1040.75)
(9433.75, 1040.75), (9536.25, 1040.75)
(9536.25, 1040.75), (9536.25, 1000.5)
(9536.25, 1000.5), (8068.5, 1000.5)
(8068.5, 1000.5), (8068.5, 1747.25)
(8068.5, 1747.25), (8066.75, 1747.25)
(8066.75, 1747.25), (8066.75, 1050.75)
(8066.75, 1050.75), (8068.25, 1050.75)
(8068.25, 1050.75), (8068.25, 1000.5)
(8068.25, 1000.5), (7079.5, 1000.5)
(7079.5, 1000.5), (7079.5, 1974.25)
(7079.5, 1974.25), (7032.75, 1974.25)
(7032.75, 1974.25), (7032.75, 1550.75)
(7032.75, 1550.75), (7079.25, 1550.75)
(7079.25, 1550.75), (7079.25, 1000.5)
(7079.25, 1000.5), (6138.5, 1000.5)
(6138.5, 1000.5), (6138.5, 1289.25)
(6138.5, 1289.25), (6021.75, 1289.25)
(6021.75, 1289.25), (6021.75, 1009.75)
(6021.75, 1009.75), (6138.25, 1009.75)
(6138.25, 1009.75), (6138.25, 1000.5)
(6138.25, 1000.5), (5383.5, 1000.5)
(5383.5, 1000.5), (5383.5, 1859.25)
(5383.5, 1859.25), (5160.75, 1859.25)
(5160.75, 1859.25), (5160.75, 1139.75)
(5160.75, 1139.75), (5383.25, 1139.75)
(5383.25, 1139.75), (5383.25, 1000.5)
(5383.25, 1000.5), (4574.5, 1000.5)
(4574.5, 1000.5), (4574.5, 1683.25)
(4574.5, 1683.25), (4041.75, 1683.25)
(4041.75, 1683.25), (4041.75, 1645.75)
(4041.75, 1645.75), (4574.25, 1645.75)
(4574.25, 1645.75), (4574.25, 1000.5)
(4574.25, 1000.5), (3815.5, 1000.5)
(3815.5, 1000.5), (3815.5, 1968.25)
(3815.5, 1968.25), (3355.75, 1968.25)
(3355.75, 1968.25), (3355.75, 1824.75)
(3355.75, 1824.75), (3815.25, 1824.75)
(3815.25, 1824.75), (3815.25, 1000.5)
(3815.25, 1000.5), (2690.5, 1000.5)
(2690.5, 1000.5), (2690.5, 1563.25)
(2690.5, 1563.25), (2004.75, 1563.25)
(2004.75, 1563.25), (2004.75, 1538.75)
(2004.75, 1538.75), (2690.25, 1538.75)
(2690.25, 1538.75), (2690.25, 1000.5)
(2690.25, 1000.5), (1939.5, 1000.5)
(1939.5, 1000.5), (1939.5, 1967.25)
(1939.5, 1967.25), (1023.75, 1967.25)
(1023.75, 1967.25), (1023.75, 1938.75)
(1023.75, 1938.75), (1939.25, 1938.75)
(1939.25, 1938.75), (1939.25, 1000.5)
(1939.25, 1000.5), (365.5, 1000.5)
(365.5, 1000.5), (365.5, 1710.25)
(365.5, 1710.25), (194.75, 1710.25)
(194.75, 1710.25), (194.75, 1486.75)
(194.75, 1486.75), (365.25, 1486.75)
(365.25, 1486.75), (365.25, 1000.5)
(365.25, 1000.5), (0.5, 1000.5)
(0.5, 1000.5), (0.5, 2000.25)
(0.5, 2000.25), (10000, 2000.25)
(10000, 2000.25), (10000, 2000.5)
(10000, 2000.5), (9669.5, 2000.5)
(9669.5, 2000.5), (9669.5, 2754.25)
(9669.5, 2754.25), (9651.75, 2754.25)
(9651.75, 2754.25), (9651.75, 2345.75)
(9651.75, 2345.75), (9669.25, 2345.75)
(9669.25, 2345.75), (9669.25, 2000.5)
(9669.25, 2000.5), (8696.5, 2000.5)
(8696.5, 2000.5), (8696.5, 2598.25)
(8696.5, 2598.25), (8507.75, 2598.25)
(8507.75, 2598.25), (8507.75, 2128.75)
(8507.75, 2128.75), (8696.25, 2128.75)
(8696.25, 2128.75), (8696.25, 2000.5)
(8696.25, 2000.5), (7642.5, 2000.5)
(7642.5, 2000.5), (7642.5, 2817.25)
(7642.5, 2817.25), (7075.75, 2817.25)
(7075.75, 2817.25), (7075.75, 2686.75)
(7075.75, 2686.75), (7642.25, 2686.75)
(7642.25, 2686.75), (7642.25, 2000.5)
(7642.25, 2000.5), (6944.5, 2000.5)
(6944.5, 2000.5), (6944.5, 2827.25)
(6944.5, 2827.25), (6745.75, 2827.25)
(6745.75, 2827.25), (6745.75, 2426.75)
(6745.75, 2426.75), (6944.25, 2426.75)
(6944.25, 2426.75), (6944.25, 2000.5)
(6944.25, 2000.5), (5784.5, 2000.5)
(5784.5, 2000.5), (5784.5, 2722.25)
(5784.5, 2722.25), (5548.75, 2722.25)
(5548.75, 2722.25), (5548.75, 2548.75)
(5548.75, 2548.75), (5784.25, 2548.75)
(5784.25, 2548.75), (5784.25, 2000.5)
(5784.25, 2000.5), (4764.5, 2000.5)
(4764.5, 2000.5), (4764.5, 2992.25)
(4764.5, 2992.25), (4614.75, 2992.25)
(4614.75, 2992.25), (4614.75, 2284.75)
(4614.75, 2284.75), (4764.25, 2284.75)
(4764.25, 2284.75), (4764.25, 2000.5)
(4764.25, 2000.5), (3827.5, 2000.5)
(3827.5, 2000.5), (3827.5, 2202.25)
(3827.5, 2202.25), (3065.75, 2202.25)
(3065.75, 2202.25), (3065.75, 2149.75)
(3065.75, 2149.75), (3827.25, 2149.75)
(3827.25, 2149.75), (3827.25, 2000.5)
(3827.25, 2000.5), (2889.5, 2000.5)
(2889.5, 2000.5), (2889.5, 2765.25)
(2889.5, 2765.25), (2686.75, 2765.25)
(2686.75, 2765.25), (2686.75, 2276.75)
(2686.75, 2276.75), (2889.25, 2276.75)
(2889.25, 2276.75), (2889.25, 2000.5)
(2889.25, 2000.5), (1754.5, 2000.5)
(1754.5, 2000.5), (1754.5, 2916.25)
(1754.5, 2916.25), (1032.75, 2916.25)
(1032.75, 2916.25), (1032.75, 2812.75)
(1032.75, 2812.75), (1754.25, 2812.75)
(1754.25, 2812.75), (1754.25, 2000.5)
(1754.25, 2000.5), (100.5, 2000.5)
(100.5, 2000.5), (100.5, 2979.25)
(100.5, 2979.25), (24.75, 2979.25)
(24.75, 2979.25), (24.75, 2234.75)
(24.75, 2234.75), (100.25, 2234.75)
(100.25, 2234.75), (100.25, 2000.5)
(100.25, 2000.5), (0.5, 2000.5)
(0.5, 2000.5), (0.5, 3000.25)
(0.5, 3000.25), (10000, 3000.25)
(10000, 3000.25), (10000, 3000.5)
(10000, 3000.5), (9641.5, 3000.5)
(9641.5, 3000.5), (9641.5, 3732.25)
(9641.5, 3732.25), (9351.75, 3732.25)
(9351.75, 3732.25), (9351.75, 3598.75)
(9351.75, 3598.75), (9641.25, 3598.75)
(9641.25, 3598.75), (9641.25, 3000.5)
(9641.25, 3000.5), (8244.5, 3000.5)
(8244.5, 3000.5), (8244.5, 3927.25)
(8244.5, 3927.25), (8010.75, 3927.25)
(8010.75, 3927.25), (8010.75, 3679.75)
(8010.75, 3679.75), (8244.25, 3679.75)
(8244.25, 3679.75), (8244.25, 3000.5)
(8244.25, 3000.5), (7362.5, 3000.5)
(7362.5, 3000.5), (7362.5, 3870.25)
(7362.5, 3870.25), (7359.75, 3870.25)
(7359.75, 3870.25), (7359.75, 3473.75)
(7359.75, 3473.75), (7362.25, 3473.75)
(7362.25, 3473.75), (7362.25, 3000.5)
(7362.25, 3000.5), (6202.5, 3000.5)
(6202.5, 3000.5), (6202.5, 3845.25)
(6202.5, 3845.25), (6152.75, 3845.25)
(6152.75, 3845.25), (6152.75, 3011.75)
(6152.75, 3011.75), (6202.25, 3011.75)
(6202.25, 3011.75), (6202.25, 3000.5)
(6202.25, 3000.5), (5876.5, 3000.5)
(5876.5, 3000.5), (5876.5, 3875.25)
(5876.5, 3875.25), (5587.75, 3875.25)
(5587.75, 3875.25), (5587.75, 3762.75)
(5587.75, 3762.75), (5876.25, 3762.75)
(5876.25, 3762.75), (5876.25, 3000.5)
(5876.25, 3000.5), (4849.5, 3000.5)
(4849.5, 3000.5), (4849.5, 3267.25)
(4849.5, 3267.25), (4727.75, 3267.25)
(4727.75, 3267.25), (4727.75, 3070.75)
(4727.75, 3070.75), (4849.25, 3070.75)
(4849.25, 3070.75), (4849.25, 3000.5)
(4849.25, 3000.5), (3118.5, 3000.5)
(3118.5, 3000.5), (3118.5, 3908.25)
(3118.5, 3908.25), (3055.75, 3908.25)
(3055.75, 3908.25), (3055.75, 3705.75)
(3055.75, 3705.75), (3118.25, 3705.75)
(3118.25, 3705.75), (3118.25, 3000.5)
(3118.25, 3000.5), (2765.5, 3000.5)
(2765.5, 3000.5), (2765.5, 3984.25)
(2765.5, 3984.25), (2675.75, 3984.25)
(2675.75, 3984.25), (2675.75, 3537.75)
(2675.75, 3537.75), (2765.25, 3537.75)
(2765.25, 3537.75), (2765.25, 3000.5)
(2765.25, 3000.5), (1963.5, 3000.5)
(1963.5, 3000.5), (1963.5, 3106.25)
(1963.5, 3106.25), (1551.75, 3106.25)
(1551.75, 3106.25), (1551.75, 3008.75)
(1551.75, 3008.75), (1963.25, 3008.75)
(1963.25, 3008.75), (1963.25, 3000.5)
(1963.25, 3000.5), (866.5, 3000.5)
(866.5, 3000.5), (866.5, 3128.25)
(866.5, 3128.25), (692.75, 3128.25)
(692.75, 3128.25), (692.75, 3014.75)
(692.75, 3014.75), (866.25, 3014.75)
(866.25, 3014.75), (866.25, 3000.5)
(866.25, 3000.5), (0.5, 3000.5)
(0.5, 3000.5), (0.5, 4000.25)
(0.5, 4000.25), (10000, 4000.25)
(10000, 4000.25), (10000, 4000.5)
(10000, 4000.5), (9601.5, 4000.5)
(9601.5, 4000.5), (9601.5, 4106.25)
(9601.5, 4106.25), (9049.75, 4106.25)
(9049.75, 4106.25), (9049.75, 4094.75)
(9049.75, 4094.75), (9601.25, 4094.75)
(9601.25, 4094.75), (9601.25, 4000.5)
(9601.25, 4000.5), (8874.5, 4000.5)
(8874.5, 4000.5), (8874.5, 4917.25)
(8874.5, 4917.25), (8308.75, 4917.25)
(8308.75, 4917.25), (8308.75, 4860.75)
(8308.75, 4860.75), (8874.25, 4860.75)
(8874.25, 4860.75), (8874.25, 4000.5)
(8874.25, 4000.5), (7866.5, 4000.5)
(7866.5, 4000.5), (7866.5, 4511.25)
(7866.5, 4511.25), (7327.75, 4511.25)
(7327.75, 4511.25), (7327.75, 4434.75)
(7327.75, 4434.75), (7866.25, 4434.75)
(7866.25, 4434.75), (7866.25, 4000.5)
(7866.25, 4000.5), (6985.5, 4000.5)
(6985.5, 4000.5), (6985.5, 4132.25)
(6985.5, 4132.25), (6444.75, 4132.25)
(6444.75, 4132.25), (6444.75, 4020.75)
(6444.75, 4020.75), (6985.25, 4020.75)
(6985.25, 4020.75), (6985.25, 4000.5)
(6985.25, 4000.5), (5368.5, 4000.5)
(5368.5, 4000.5), (5368.5, 4897.25)
(5368.5, 4897.25), (5334.75, 4897.25)
(5334.75, 4897.25), (5334.75, 4490.75)
(5334.75, 4490.75), (5368.25, 4490.75)
(5368.25, 4490.75), (5368.25, 4000.5)
(5368.25, 4000.5), (4802.5, 4000.5)
(4802.5, 4000.5), (4802.5, 4361.25)
(4802.5, 4361.25), (4655.75, 4361.25)
(4655.75, 4361.25), (4655.75, 4064.75)
(4655.75, 4064.75), (4802.25, 4064.75)
(4802.25, 4064.75), (4802.25, 4000.5)
(4802.25, 4000.5), (3750.5, 4000.5)
(3750.5, 4000.5), (3750.5, 4990.25)
(3750.5, 4990.25), (3027.75, 4990.25)
(3027.75, 4990.25), (3027.75, 4929.75)
(3027.75, 4929.75), (3750.25, 4929.75)
(3750.25, 4929.75), (3750.25, 4000.5)
(3750.25, 4000.5), (2878.5, 4000.5)
(2878.5, 4000.5), (2878.5, 4499.25)
(2878.5, 4499.25), (2018.75, 4499.25)
(2018.75, 4499.25), (2018.75, 4388.75)
(2018.75, 4388.75), (2878.25, 4388.75)
(2878.25, 4388.75), (2878.25, 4000.5)
(2878.25, 4000.5), (1592.5, 4000.5)
(1592.5, 4000.5), (1592.5, 4680.25)
(1592.5, 4680.25), (1453.75, 4680.25)
(1453.75, 4680.25), (1453.75, 4147.75)
(1453.75, 4147.75), (1592.25, 4147.75)
(1592.25, 4147.75), (1592.25, 4000.5)
(1592.25, 4000.5), (837.5, 4000.5)
(837.5, 4000.5), (837.5, 4177.25)
(837.5, 4177.25), (7.75, 4177.25)
(7.75, 4177.25), (7.75, 4002.75)
(7.75, 4002.75), (837.25, 4002.75)
(837.25, 4002.75), (837.25, 4000.5)
(837.25, 4000.5), (0.5, 4000.5)
(0.5, 4000.5), (0.5, 5000.25)
(0.5, 5000.25), (10000, 5000.25)
(10000, 5000.25), (10000, 5000.5)
(10000, 5000.5), (9323.5, 5000.5)
(9323.5, 5000.5), (9323.5, 5981.25)
(9323.5, 5981.25), (9258.75, 5981.25)
(9258.75, 5981.25), (9258.75, 5035.75)
(9258.75, 5035.75), (9323.25, 5035.75)
(9323.25, 5035.75), (9323.25, 5000.5)
(9323.25, 5000.5), (8252.5, 5000.5)
(8252.5, 5000.5), (8252.5, 5443.25)
(8252.5, 5443.25), (8059.75, 5443.25)
(8059.75, 5443.25), (8059.75, 5003.75)
(8059.75, 5003.75), (8252.25, 5003.75)
(8252.25, 5003.75), (8252.25, 5000.5)
(8252.25, 5000.5), (7400.5, 5000.5)
(7400.5, 5000.5), (7400.5, 5532.25)
(7400.5, 5532.25), (7052.75, 5532.25)
(7052.75, 5532.25), (7052.75, 5478.75)
(7052.75, 5478.75), (7400.25, 5478.75)
(7400.25, 5478.75), (7400.25, 5000.5)
(7400.25, 5000.5), (6287.5, 5000.5)
(6287.5, 5000.5), (6287.5, 5846.25)
(6287.5, 5846.25), (6275.75, 5846.25)
(6275.75, 5846.25), (6275.75, 5245.75)
(6275.75, 5245.75), (6287.25, 5245.75)
(6287.25, 5245.75), (6287.25, 5000.5)
(6287.25, 5000.5), (5476.5, 5000.5)
(5476.5, 5000.5), (5476.5, 5659.25)
(5476.5, 5659.25), (5149.75, 5659.25)
(5149.75, 5659.25), (5149.75, 5571.75)
(5149.75, 5571.75), (5476.25, 5571.75)
(5476.25, 5571.75), (5476.25, 5000.5)
(5476.25, 5000.5), (4859.5, 5000.5)
(4859.5, 5000.5), (4859.5, 5973.25)
(4859.5, 5973.25), (4684.75, 5973.25)
(4684.75, 5973.25), (4684.75, 5776.75)
(4684.75, 5776.75), (4859.25, 5776.75)
(4859.25, 5776.75), (4859.25, 5000.5)
(4859.25, 5000.5), (3470.5, 5000.5)
(3470.5, 5000.5), (3470.5, 5891.25)
(3470.5, 5891.25), (3366.75, 5891.25)
(3366.75, 5891.25), (3366.75, 5358.75)
(3366.75, 5358.75), (3470.25, 5358.75)
(3470.25, 5358.75), (3470.25, 5000.5)
(3470.25, 5000.5), (2770.5, 5000.5)
(2770.5, 5000.5), (2770.5, 5975.25)
(2770.5, 5975.25), (2642.75, 5975.25)
(2642.75, 5975.25), (2642.75, 5747.75)
(2642.75, 5747.75), (2770.25, 5747.75)
(2770.25, 5747.75), (2770.25, 5000.5)
(2770.25, 5000.5), (1630.5, 5000.5)
(1630.5, 5000.5), (1630.5, 5200.25)
(1630.5, 5200.25), (1466.75, 5200.25)
(1466.75, 5200.25), (1466.75, 5175.75)
(1466.75, 5175.75), (1630.25, 5175.75)
(1630.25, 5175.75), (1630.25, 5000.5)
(1630.25, 5000.5), (870.5, 5000.5)
(870.5, 5000.5), (870.5, 5053.25)
(870.5, 5053.25), (177.75, 5053.25)
(177.75, 5053.25), (177.75, 5021.75)
(177.75, 5021.75), (870.25, 5021.75)
(870.25, 5021.75), (870.25, 5000.5)
(870.25, 5000.5), (0.5, 5000.5)
(0.5, 5000.5), (0.5, 6000.25)
(0.5, 6000.25), (10000, 6000.25)
(10000, 6000.25), (10000, 6000.5)
(10000, 6000.5), (9873.5, 6000.5)
(9873.5, 6000.5), (9873.5, 6797.25)
(9873.5, 6797.25), (9520.75, 6797.25)
(9520.75, 6797.25), (9520.75, 6478.75)
(9520.75, 6478.75), (9873.25, 6478.75)
(9873.25, 6478.75), (9873.25, 6000.5)
(9873.25, 6000.5), (8339.5, 6000.5)
(8339.5, 6000.5), (8339.5, 6893.25)
(8339.5, 6893.25), (8016.75, 6893.25)
(8016.75, 6893.25), (8016.75, 6648.75)
(8016.75, 6648.75), (8339.25, 6648.75)
(8339.25, 6648.75), (8339.25, 6000.5)
(8339.25, 6000.5), (7806.5, 6000.5)
(7806.5, 6000.5), (7806.5, 6458.25)
(7806.5, 6458.25), (7022.75, 6458.25)
(7022.75, 6458.25), (7022.75, 6372.75)
(7022.75, 6372.75), (7806.25, 6372.75)
(7806.25, 6372.75), (7806.25, 6000.5)
(7806.25, 6000.5), (6717.5, 6000.5)
(6717.5, 6000.5), (6717.5, 6604.25)
(6717.5, 6604.25), (6691.75, 6604.25)
(6691.75, 6604.25), (6691.75, 6180.75)
(6691.75, 6180.75), (6717.25, 6180.75)
(6717.25, 6180.75), (6717.25, 6000.5)
(6717.25, 6000.5), (5502.5, 6000.5)
(5502.5, 6000.5), (5502.5, 6744.25)
(5502.5, 6744.25), (5034.75, 6744.25)
(5034.75, 6744.25), (5034.75, 6716.75)
(5034.75, 6716.75), (5502.25, 6716.75)
(5502.25, 6716.75), (5502.25, 6000.5)
(5502.25, 6000.5), (4963.5, 6000.5)
(4963.5, 6000.5), (4963.5, 6193.25)
(4963.5, 6193.25), (4034.75, 6193.25)
(4034.75, 6193.25), (4034.75, 6156.75)
(4034.75, 6156.75), (4963.25, 6156.75)
(4963.25, 6156.75), (4963.25, 6000.5)
(4963.25, 6000.5), (3893.5, 6000.5)
(3893.5, 6000.5), (3893.5, 6331.25)
(3893.5, 6331.25), (3746.75, 6331.25)
(3746.75, 6331.25), (3746.75, 6015.75)
(3746.75, 6015.75), (3893.25, 6015.75)
(3893.25, 6015.75), (3893.25, 6000.5)
(3893.25, 6000.5), (2909.5, 6000.5)
(2909.5, 6000.5), (2909.5, 6780.25)
(2909.5, 6780.25), (2726.75, 6780.25)
(2726.75, 6780.25), (2726.75, 6710.75)
(2726.75, 6710.75), (2909.25, 6710.75)
(2909.25, 6710.75), (2909.25, 6000.5)
(2909.25, 6000.5), (1773.5, 6000.5)
(1773.5, 6000.5), (1773.5, 6882.25)
(1773.5, 6882.25), (1707.75, 6882.25)
(1707.75, 6882.25), (1707.75, 6643.75)
(1707.75, 6643.75), (1773.25, 6643.75)
(1773.25, 6643.75), (1773.25, 6000.5)
(1773.25, 6000.5), (499.5, 6000.5)
(499.5, 6000.5), (499.5, 6870.25)
(499.5, 6870.25), (98.75, 6870.25)
(98.75, 6870.25), (98.75, 6811.75)
(98.75, 6811.75), (499.25, 6811.75)
(499.25, 6811.75), (499.25, 6000.5)
(499.25, 6000.5), (0.5, 6000.5)
(0.5, 6000.5), (0.5, 7000.25)
(0.5, 7000.25), (10000, 7000.25)
(10000, 7000.25), (10000, 7000.5)
(10000, 7000.5), (9756.5, 7000.5)
(9756.5, 7000.5), (9756.5, 7260.25)
(9756.5, 7260.25), (9069.75, 7260.25)
(9069.75, 7260.25), (9069.75, 7205.75)
(9069.75, 7205.75), (9756.25, 7205.75)
(9756.25, 7205.75), (9756.25, 7000.5)
(9756.25, 7000.5), (8343.5, 7000.5)
(8343.5, 7000.5), (8343.5, 7597.25)
(8343.5, 7597.25), (8319.75, 7597.25)
(8319.75, 7597.25), (8319.75, 7311.75)
(8319.75, 7311.75), (8343.25, 7311.75)
(8343.25, 7311.75), (8343.25, 7000.5)
(8343.25, 7000.5), (7355.5, 7000.5)
(7355.5, 7000.5), (7355.5, 7675.25)
(7355.5, 7675.25), (7241.75, 7675.25)
(7241.75, 7675.25), (7241.75, 7506.75)
(7241.75, 7506.75), (7355.25, 7506.75)
(7355.25, 7506.75), (7355.25, 7000.5)
(7355.25, 7000.5), (6576.5, 7000.5)
(6576.5, 7000.5), (6576.5, 7351.25)
(6576.5, 7351.25), (6343.75, 7351.25)
(6343.75, 7351.25), (6343.75, 7097.75)
(6343.75, 7097.75), (6576.25, 7097.75)
(6576.25, 7097.75), (6576.25, 7000.5)
(6576.25, 7000.5), (5966.5, 7000.5)
(5966.5, 7000.5), (5966.5, 7828.25)
(5966.5, 7828.25), (5014.75, 7828.25)
(5014.75, 7828.25), (5014.75, 7725.75)
(5014.75, 7725.75), (5966.25, 7725.75)
(5966.25, 7725.75), (5966.25, 7000.5)
(5966.25, 7000.5), (4837.5, 7000.5)
(4837.5, 7000.5), (4837.5, 7508.25)
(4837.5, 7508.25), (3999.75, 7508.25)
(3999.75, 7508.25), (3999.75, 7476.75)
(3999.75, 7476.75), (4837.25, 7476.75)
(4837.25, 7476.75), (4837.25, 7000.5)
(4837.25, 7000.5), (3903.5, 7000.5)
(3903.5, 7000.5), (3903.5, 7643.25)
(3903.5, 7643.25), (3758.75, 7643.25)
(3758.75, 7643.25), (3758.75, 7454.75)
(3758.75, 7454.75), (3903.25, 7454.75)
(3903.25, 7454.75), (3903.25, 7000.5)
(3903.25, 7000.5), (2720.5, 7000.5)
(2720.5, 7000.5), (2720.5, 7267.25)
(2720.5, 7267.25), (2300.75, 7267.25)
(2300.75, 7267.25), (2300.75, 7174.75)
(2300.75, 7174.75), (2720.25, 7174.75)
(2720.25, 7174.75), (2720.25, 7000.5)
(2720.25, 7000.5), (1591.5, 7000.5)
(1591.5, 7000.5), (1591.5, 7925.25)
(1591.5, 7925.25), (1542.75, 7925.25)
(1542.75, 7925.25), (1542.75, 7335.75)
(1542.75, 7335.75), (1591.25, 7335.75)
(1591.25, 7335.75), (1591.25, 7000.5)
(1591.25, 7000.5), (817.5, 7000.5)
(817.5, 7000.5), (817.5, 7899.25)
(817.5, 7899.25), (685.75, 7899.25)
(685.75, 7899.25), (685.75, 7672.75)
(685.75, 7672.75), (817.25, 7672.75)
(817.25, 7672.75), (817.25, 7000.5)
(817.25, 7000.5), (0.5, 7000.5)
(0.5, 7000.5), (0.5, 8000.25)
(0.5, 8000.25), (10000, 8000.25)
(10000, 8000.25), (10000, 8000.5)
(10000, 8000.5), (9752.5, 8000.5)
(9752.5, 8000.5), (9752.5, 8918.25)
(9752.5, 8918.25), (9621.75, 8918.25)
(9621.75, 8918.25), (9621.75, 8168.75)
(9621.75, 8168.75), (9752.25, 8168.75)
(9752.25, 8168.75), (9752.25, 8000.5)
(9752.25, 8000.5), (8748.5, 8000.5)
(8748.5, 8000.5), (8748.5, 8657.25)
(8748.5, 8657.25), (8201.75, 8657.25)
(8201.75, 8657.25), (8201.75, 8535.75)
(8201.75, 8535.75), (8748.25, 8535.75)
(8748.25, 8535.75), (8748.25, 8000.5)
(8748.25, 8000.5), (7774.5, 8000.5)
(7774.5, 8000.5), (7774.5, 8357.25)
(7774.5, 8357.25), (7669.75, 8357.25)
(7669.75, 8357.25), (7669.75, 8015.75)
(7669.75, 8015.75), (7774.25, 8015.75)
(7774.25, 8015.75), (7774.25, 8000.5)
(7774.25, 8000.5), (6964.5, 8000.5)
(6964.5, 8000.5), (6964.5, 8561.25)
(6964.5, 8561.25), (6737.75, 8561.25)
(6737.75, 8561.25), (6737.75, 8476.75)
(6737.75, 8476.75), (6964.25, 8476.75)
(6964.25, 8476.75), (6964.25, 8000.5)
(6964.25, 8000.5), (5900.5, 8000.5)
(5900.5, 8000.5), (5900.5, 8528.25)
(5900.5, 8528.25), (5178.75, 8528.25)
(5178.75, 8528.25), (5178.75, 8512.75)
(5178.75, 8512.75), (5900.25, 8512.75)
(5900.25, 8512.75), (5900.25, 8000.5)
(5900.25, 8000.5), (4626.5, 8000.5)
(4626.5, 8000.5), (4626.5, 8254.25)
(4626.5, 8254.25), (4294.75, 8254.25)
(4294.75, 8254.25), (4294.75, 8037.75)
(4294.75, 8037.75), (4626.25, 8037.75)
(4626.25, 8037.75), (4626.25, 8000.5)
(4626.25, 8000.5), (3722.5, 8000.5)
(3722.5, 8000.5), (3722.5, 8329.25)
(3722.5, 8329.25), (3353.75, 8329.25)
(3353.75, 8329.25), (3353.75, 8267.75)
(3353.75, 8267.75), (3722.25, 8267.75)
(3722.25, 8267.75), (3722.25, 8000.5)
(3722.25, 8000.5), (2756.5, 8000.5)
(2756.5, 8000.5), (2756.5, 8666.25)
(2756.5, 8666.25), (2603.75, 8666.25)
(2603.75, 8666.25), (2603.75, 8356.75)
(2603.75, 8356.75), (2756.25, 8356.75)
(2756.25, 8356.75), (2756.25, 8000.5)
(2756.25, 8000.5), (1944.5, 8000.5)
(1944.5, 8000.5), (1944.5, 8792.25)
(1944.5, 8792.25), (1924.75, 8792.25)
(1924.75, 8792.25), (1924.75, 8001.75)
(1924.75, 8001.75), (1944.25, 8001.75)
(1944.25, 8001.75), (1944.25, 8000.5)
(1944.25, 8000.5), (548.5, 8000.5)
(548.5, 8000.5), (548.5, 8655.25)
(548.5, 8655.25), (456.75, 8655.25)
(456.75, 8655.25), (456.75, 8171.75)
(456.75, 8171.75), (548.25, 8171.75)
(548.25, 8171.75), (548.25, 8000.5)
(548.25, 8000.5), (0.5, 8000.5)
(0.5, 8000.5), (0.5, 9000.25)
(0.5, 9000.25), (10000, 9000.25)
(10000, 9000.25), (10000, 9000.5)
(10000, 9000.5), (9864.5, 9000.5)
(9864.5, 9000.5), (9864.5, 9565.25)
(9864.5, 9565.25), (9063.75, 9565.25)
(9063.75, 9565.25), (9063.75, 9478.75)
(9063.75, 9478.75), (9864.25, 9478.75)
(9864.25, 9478.75), (9864.25, 9000.5)
(9864.25, 9000.5), (8516.5, 9000.5)
(8516.5, 9000.5), (8516.5, 9832.25)
(8516.5, 9832.25), (8475.75, 9832.25)
(8475.75, 9832.25), (8475.75, 9016.75)
(8475.75, 9016.75), (8516.25, 9016.75)
(8516.25, 9016.75), (8516.25, 9000.5)
(8516.25, 9000.5), (7084.5, 9000.5)
(7084.5, 9000.5), (7084.5, 9732.25)
(7084.5, 9732.25), (7040.75, 9732.25)
(7040.75, 9732.25), (7040.75, 9174.75)
(7040.75, 9174.75), (7084.25, 9174.75)
(7084.25, 9174.75), (7084.25, 9000.5)
(7084.25, 9000.5), (6235.5, 9000.5)
(6235.5, 9000.5), (6235.5, 9659.25)
(6235.5, 9659.25), (6017.75, 9659.25)
(6017.75, 9659.25), (6017.75, 9616.75)
(6017.75, 9616.75), (6235.25, 9616.75)
(6235.25, 9616.75), (6235.25, 9000.5)
(6235.25, 9000.5), (5864.5, 9000.5)
(5864.5, 9000.5), (5864.5, 9918.25)
(5864.5, 9918.25), (5676.75, 9918.25)
(5676.75, 9918.25), (5676.75, 9690.75)
(5676.75, 9690.75), (5864.25, 9690.75)
(5864.25, 9690.75), (5864.25, 9000.5)
(5864.25, 9000.5), (4984.5, 9000.5)
(4984.5, 9000.5), (4984.5, 9873.25)
(4984.5, 9873.25), (4842.75, 9873.25)
(4842.75, 9873.25), (4842.75, 9658.75)
(4842.75, 9658.75), (4984.25, 9658.75)
(4984.25, 9658.75), (4984.25, 9000.5)
(4984.25, 9000.5), (3537.5, 9000.5)
(3537.5, 9000.5), (3537.5, 9651.25)
(3537.5, 9651.25), (3396.75, 9651.25)
(3396.75, 9651.25), (3396.75, 9063.75)
(3396.75, 9063.75), (3537.25, 9063.75)
(3537.25, 9063.75), (3537.25, 9000.5)
(3537.25, 9000.5), (2350.5, 9000.5)
(2350.5, 9000.5), (2350.5, 9775.25)
(2350.5, 9775.25), (2213.75, 9775.25)
(2213.75, 9775.25), (2213.75, 9336.75)
(2213.75, 9336.75), (2350.25, 9336.75)
(2350.25, 9336.75), (2350.25, 9000.5)
(2350.25, 9000.5), (1400.5, 9000.5)
(1400.5, 9000.5), (1400.5, 9805.25)
(1400.5, 9805.25), (1333.75, 9805.25)
(1333.75, 9805.25), (1333.75, 9034.75)
(1333.75, 9034.75), (1400.25, 9034.75)
(1400.25, 9034.75), (1400.25, 9000.5)
(1400.25, 9000.5), (933.5, 9000.5)
(933.5, 9000.5), (933.5, 9563.25)
(933.5, 9563.25), (701.75, 9563.25)
(701.75, 9563.25), (701.75, 9004.75)
(701.75, 9004.75), (933.25, 9004.75)
(933.25, 9004.75), (933.25, 9000.5)
(933.25, 9000.5), (0.25, 9000.5)
(0.25, 9000.5), (0.25, 0.25)
