83650548
640, 640
(0.25, 0.25), (10000, 0.25)
(10000, 0.25), (10000, 0.5)
(10000, 0.5), (9944.5, 0.5)
(9944.5, 0.5), (9944.5, 892.25)
(9944.5, 892.25), (9009.75, 892.25)
(9009.75, 892.25), (9009.75, 92.75)
(9009.75, 92.75), (9944.25, 92.75)
(9944.25, 92.75), (9944.25, 0.5)
(9944.25, 0.5), (8975.5, 0.5)
(8975.5, 0.5), (8975.5, 988.25)
(8975.5, 988.25), (8003.75, 988.25)
(8003.75, 988.25), (8003.75, 98.75)
(8003.75, 98.75), (8975.25, 98.75)
(8975.25, 98.75), (8975.25, 0.5)
(8975.25, 0.5), (7995.5, 0.5)
(7995.5, 0.5), (7995.5, 918.25)
(7995.5, 918.25), (7017.75, 918.25)
(7017.75, 918.25), (7017.75, 17.75)
(7017.75, 17.75), (7995.25, 17.75)
(7995.25, 17.75), (7995.25, 0.5)
(7995.25, 0.5), (6979.5, 0.5)
(6979.5, 0.5), (6979.5, 965.25)
(6979.5, 965.25), (5999.75, 965.25)
(5999.75, 965.25), (5999.75, 0.75)
(5999.75, 0.75), (6979.25, 0.75)
(6979.25, 0.75), (6979.25, 0.5)
(6979.25, 0.5), (5964.5, 0.5)
(5964.5, 0.5), (5964.5, 976.25)
(5964.5, 976.25), (5034.75, 976.25)
(5034.75, 976.25), (5034.75, 2.75)
(5034.75, 2.75), (5964.25, 2.75)
(5964.25, 2.75), (5964.25, 0.5)
(5964.25, 0.5), (4999.5, 0.5)
(4999.5, 0.5), (4999.5, 969.25)
(4999.5, 969.25), (3999.75, 969.25)
(3999.75, 969.25), (3999.75, 84.75)
(3999.75, 84.75), (4999.25, 84.75)
(4999.25, 84.75), (4999.25, 0.5)
(4999.25, 0.5), (3998.5, 0.5)
(3998.5, 0.5), (3998.5, 963.25)
(3998.5, 963.25), (3024.75, 963.25)
(3024.75, 963.25), (3024.75, 11.75)
(3024.75, 11.75), (3998.25, 11.75)
(3998.25, 11.75), (3998.25, 0.5)
(3998.25, 0.5), (2985.5, 0.5)
(2985.5, 0.5), (2985.5, 981.25)
(2985.5, 981.25), (2096.75, 981.25)
(2096.75, 981.25), (2096.75, 2.75)
(2096.75, 2.75), (2985.25, 2.75)
(2985.25, 2.75), (2985.25, 0.5)
(2985.25, 0.5), (1994.5, 0.5)
(1994.5, 0.5), (1994.5, 997.25)
(1994.5, 997.25), (1000.75, 997.25)
(1000.75, 997.25), (1000.75, 21.75)
(1000.75, 21.75), (1994.25, 21.75)
(1994.25, 21.75), (1994.25, 0.5)
(1994.25, 0.5), (996.5, 0.5)
(996.5, 0.5), (996.5, 942.25)
(996.5, 942.25), (9.75, 942.25)
(9.75, 942.25), (9.75, 30.75)
(9.75, 30.75), (996.25, 30.75)
(996.25, 30.75), (996.25, 0.5)
(996.25, 0.5), (0.5, 0.5)
(0.5, 0.5), (0.5, 1000.25)
(0.5, 1000.25), (10000, 1000.25)
(10000, 1000.25), (10000, 1000.5)
(10000, 1000.5), (9982.5, 1000.5)
(9982.5, 1000.5), (9982.5, 1999.25)
(9982.5, 1999.25), (9001.75, 1999.25)
(9001.75, 1999.25), (9001.75, 999.75)
(9001.75, 999.75), (9982.25, 999.75)
(9982.25, 999.75), (9982.25, 1000.5)
(9982.25, 1000.5), (8982.5, 1000.5)
(8982.5, 1000.5), (8982.5, 1947.25)
(8982.5, 1947.25), (8038.75, 1947.25)
(8038.75, 1947.25), (8038.75, 1059.75)
(8038.75, 1059.75), (8982.25, 1059.75)
(8982.25, 1059.75), (8982.25, 1000.5)
(8982.25, 1000.5), (7999.5, 1000.5)
(7999.5, 1000.5), (7999.5, 1939.25)
(7999.5, 1939.25), (7009.75, 1939.25)
(7009.75, 1939.25), (7009.75, 1013.75)
(7009.75, 1013.75), (7999.25, 1013.75)
(7999.25, 1013.75), (7999.25, 1000.5)
(7999.25, 1000.5), (6996.5, 1000.5)
(6996.5, 1000.5), (6996.5, 1933.25)
(6996.5, 1933.25), (6024.75, 1933.25)
(6024.75, 1933.25), (6024.75, 1001.75)
(6024.75, 1001.75), (6996.25, 1001.75)
(6996.25, 1001.75), (6996.25, 1000.5)
(6996.25, 1000.5), (5862.5, 1000.5)
(5862.5, 1000.5), (5862.5, 1997.25)
(5862.5, 1997.25), (5002.75, 1997.25)
(5002.75, 1997.25), (5002.75, 1038.75)
(5002.75, 1038.75), (5862.25, 1038.75)
(5862.25, 1038.75), (5862.25, 1000.5)
(5862.25, 1000.5), (4925.5, 1000.5)
(4925.5, 1000.5), (4925.5, 1980.25)
(4925.5, 1980.25), (3999.75, 1980.25)
(3999.75, 1980.25), (3999.75, 1008.75)
(3999.75, 1008.75), (4925.25, 1008.75)
(4925.25, 1008.75), (4925.25, 1000.5)
(4925.25, 1000.5), (3998.5, 1000.5)
(3998.5, 1000.5), (3998.5, 1984.25)
(3998.5, 1984.25), (3000.75, 1984.25)
(3000.75, 1984.25), (3000.75, 1032.75)
(3000.75, 1032.75), (3998.25, 1032.75)
(3998.25, 1032.75), (3998.25, 1000.5)
(3998.25, 1000.5), (2984.5, 1000.5)
(2984.5, 1000.5), (2984.5, 1991.25)
(2984.5, 1991.25), (2001.75, 1991.25)
(2001.75, 1991.25), (2001.75, 1022.75)
(2001.75, 1022.75), (2984.25, 1022.75)
(2984.25, 1022.75), (2984.25, 1000.5)
(2984.25, 1000.5), (1998.5, 1000.5)
(1998.5, 1000.5), (1998.5, 1998.25)
(1998.5, 1998.25), (1032.75, 1998.25)
(1032.75, 1998.25), (1032.75, 1009.75)
(1032.75, 1009.75), (1998.25, 1009.75)
(1998.25, 1009.75), (1998.25, 1000.5)
(1998.25, 1000.5), (998.5, 1000.5)
(998.5, 1000.5), (998.5, 1834.25)
(998.5, 1834.25), (67.75, 1834.25)
(67.75, 1834.25), (67.75, 1017.75)
(67.75, 1017.75), (998.25, 1017.75)
(998.25, 1017.75), (998.25, 1000.5)
(998.25, 1000.5), (0.5, 1000.5)
(0.5, 1000.5), (0.5, 2000.25)
(0.5, 2000.25), (10000, 2000.25)
(10000, 2000.25), (10000, 2000.5)
(10000, 2000.5), (9969.5, 2000.5)
(9969.5, 2000.5), (9969.5, 2931.25)
(9969.5, 2931.25), (9012.75, 2931.25)
(9012.75, 2931.25), (9012.75, 2000.75)
(9012.75, 2000.75), (9969.25, 2000.75)
(9969.25, 2000.75), (9969.25, 2000.5)
(9969.25, 2000.5), (8993.5, 2000.5)
(8993.5, 2000.5), (8993.5, 2994.25)
(8993.5, 2994.25), (8070.75, 2994.25)
(8070.75, 2994.25), (8070.75, 2001.75)
(8070.75, 2001.75), (8993.25, 2001.75)
(8993.25, 2001.75), (8993.25, 2000.5)
(8993.25, 2000.5), (7997.5, 2000.5)
(7997.5, 2000.5), (7997.5, 2966.25)
(7997.5, 2966.25), (7014.75, 2966.25)
(7014.75, 2966.25), (7014.75, 2005.75)
(7014.75, 2005.75), (7997.25, 2005.75)
(7997.25, 2005.75), (7997.25, 2000.5)
(7997.25, 2000.5), (6997.5, 2000.5)
(6997.5, 2000.5), (6997.5, 2983.25)
(6997.5, 2983.25), (6011.75, 2983.25)
(6011.75, 2983.25), (6011.75, 2018.75)
(6011.75, 2018.75), (6997.25, 2018.75)
(6997.25, 2018.75), (6997.25, 2000.5)
(6997.25, 2000.5), (5975.5, 2000.5)
(5975.5, 2000.5), (5975.5, 2988.25)
(5975.5, 2988.25), (5002.75, 2988.25)
(5002.75, 2988.25), (5002.75, 2016.75)
(5002.75, 2016.75), (5975.25, 2016.75)
(5975.25, 2016.75), (5975.25, 2000.5)
(5975.25, 2000.5), (4687.5, 2000.5)
(4687.5, 2000.5), (4687.5, 2974.25)
(4687.5, 2974.25), (4000.75, 2974.25)
(4000.75, 2974.25), (4000.75, 2030.75)
(4000.75, 2030.75), (4687.25, 2030.75)
(4687.25, 2030.75), (4687.25, 2000.5)
(4687.25, 2000.5), (3995.5, 2000.5)
(3995.5, 2000.5), (3995.5, 2994.25)
(3995.5, 2994.25), (3004.75, 2994.25)
(3004.75, 2994.25), (3004.75, 2010.75)
(3004.75, 2010.75), (3995.25, 2010.75)
(3995.25, 2010.75), (3995.25, 2000.5)
(3995.25, 2000.5), (2998.5, 2000.5)
(2998.5, 2000.5), (2998.5, 2999.25)
(2998.5, 2999.25), (2018.75, 2999.25)
(2018.75, 2999.25), (2018.75, 2062.75)
(2018.75, 2062.75), (2998.25, 2062.75)
(2998.25, 2062.75), (2998.25, 2000.5)
(2998.25, 2000.5), (1995.5, 2000.5)
(1995.5, 2000.5), (1995.5, 2945.25)
(1995.5, 2945.25), (1011.75, 2945.25)
(1011.75, 2945.25), (1011.75, 2007.75)
(1011.75, 2007.75), (1995.25, 2007.75)
(1995.25, 2007.75), (1995.25, 2000.5)
(1995.25, 2000.5), (929.5, 2000.5)
(929.5, 2000.5), (929.5, 2996.25)
(929.5, 2996.25), (27.75, 2996.25)
(27.75, 2996.25), (27.75, 2001.75)
(27.75, 2001.75), (929.25, 2001.75)
(929.25, 2001.75), (929.25, 2000.5)
(929.25, 2000.5), (0.5, 2000.5)
(0.5, 2000.5), (0.5, 3000.25)
(0.5, 3000.25), (10000, 3000.25)
(10000, 3000.25), (10000, 3000.5)
(10000, 3000.5), (9995.5, 3000.5)
(9995.5, 3000.5), (9995.5, 3864.25)
(9995.5, 3864.25), (9141.75, 3864.25)
(9141.75, 3864.25), (9141.75, 3033.75)
(9141.75, 3033.75), (9995.25, 3033.75)
(9995.25, 3033.75), (9995.25, 3000.5)
(9995.25, 3000.5), (8876.5, 3000.5)
(8876.5, 3000.5), (8876.5, 3969.25)
(8876.5, 3969.25), (8002.75, 3969.25)
(8002.75, 3969.25), (8002.75, 3000.75)
(8002.75, 3000.75), (8876.25, 3000.75)
(8876.25, 3000.75), (8876.25, 3000.5)
(8876.25, 3000.5), (7327.5, 3000.5)
(7327.5, 3000.5), (7327.5, 3997.25)
(7327.5, 3997.25), (7003.75, 3997.25)
(7003.75, 3997.25), (7003.75, 3002.75)
(7003.75, 3002.75), (7327.25, 3002.75)
(7327.25, 3002.75), (7327.25, 3000.5)
(7327.25, 3000.5), (6933.5, 3000.5)
(6933.5, 3000.5), (6933.5, 3988.25)
(6933.5, 3988.25), (6003.75, 3988.25)
(6003.75, 3988.25), (6003.75, 3009.75)
(6003.75, 3009.75), (6933.25, 3009.75)
(6933.25, 3009.75), (6933.25, 3000.5)
(6933.25, 3000.5), (5976.5, 3000.5)
(5976.5, 3000.5), (5976.5, 3912.25)
(5976.5, 3912.25), (5002.75, 3912.25)
(5002.75, 3912.25), (5002.75, 3020.75)
(5002.75, 3020.75), (5976.25, 3020.75)
(5976.25, 3020.75), (5976.25, 3000.5)
(5976.25, 3000.5), (4982.5, 3000.5)
(4982.5, 3000.5), (4982.5, 3987.25)
(4982.5, 3987.25), (3999.75, 3987.25)
(3999.75, 3987.25), (3999.75, 3009.75)
(3999.75, 3009.75), (4982.25, 3009.75)
(4982.25, 3009.75), (4982.25, 3000.5)
(4982.25, 3000.5), (3992.5, 3000.5)
(3992.5, 3000.5), (3992.5, 3995.25)
(3992.5, 3995.25), (3046.75, 3995.25)
(3046.75, 3995.25), (3046.75, 3006.75)
(3046.75, 3006.75), (3992.25, 3006.75)
(3992.25, 3006.75), (3992.25, 3000.5)
(3992.25, 3000.5), (2985.5, 3000.5)
(2985.5, 3000.5), (2985.5, 3988.25)
(2985.5, 3988.25), (2001.75, 3988.25)
(2001.75, 3988.25), (2001.75, 3017.75)
(2001.75, 3017.75), (2985.25, 3017.75)
(2985.25, 3017.75), (2985.25, 3000.5)
(2985.25, 3000.5), (1959.5, 3000.5)
(1959.5, 3000.5), (1959.5, 3999.25)
(1959.5, 3999.25), (1090.75, 3999.25)
(1090.75, 3999.25), (1090.75, 3001.75)
(1090.75, 3001.75), (1959.25, 3001.75)
(1959.25, 3001.75), (1959.25, 3000.5)
(1959.25, 3000.5), (936.5, 3000.5)
(936.5, 3000.5), (936.5, 3991.25)
(936.5, 3991.25), (2.75, 3991.25)
(2.75, 3991.25), (2.75, 3001.75)
(2.75, 3001.75), (936.25, 3001.75)
(936.25, 3001.75), (936.25, 3000.5)
(936.25, 3000.5), (0.5, 3000.5)
(0.5, 3000.5), (0.5, 4000.25)
(0.5, 4000.25), (10000, 4000.25)
(10000, 4000.25), (10000, 4000.5)
(10000, 4000.5), (9997.5, 4000.5)
(9997.5, 4000.5), (9997.5, 4974.25)
(9997.5, 4974.25), (9044.75, 4974.25)
(9044.75, 4974.25), (9044.75, 4012.75)
(9044.75, 4012.75), (9997.25, 4012.75)
(9997.25, 4012.75), (9997.25, 4000.5)
(9997.25, 4000.5), (8673.5, 4000.5)
(8673.5, 4000.5), (8673.5, 4864.25)
(8673.5, 4864.25), (8034.75, 4864.25)
(8034.75, 4864.25), (8034.75, 4008.75)
(8034.75, 4008.75), (8673.25, 4008.75)
(8673.25, 4008.75), (8673.25, 4000.5)
(8673.25, 4000.5), (7933.5, 4000.5)
(7933.5, 4000.5), (7933.5, 4913.25)
(7933.5, 4913.25), (7012.75, 4913.25)
(7012.75, 4913.25), (7012.75, 4086.75)
(7012.75, 4086.75), (7933.25, 4086.75)
(7933.25, 4086.75), (7933.25, 4000.5)
(7933.25, 4000.5), (6994.5, 4000.5)
(6994.5, 4000.5), (6994.5, 4975.25)
(6994.5, 4975.25), (6014.75, 4975.25)
(6014.75, 4975.25), (6014.75, 4010.75)
(6014.75, 4010.75), (6994.25, 4010.75)
(6994.25, 4010.75), (6994.25, 4000.5)
(6994.25, 4000.5), (5986.5, 4000.5)
(5986.5, 4000.5), (5986.5, 4996.25)
(5986.5, 4996.25), (5013.75, 4996.25)
(5013.75, 4996.25), (5013.75, 4000.75)
(5013.75, 4000.75), (5986.25, 4000.75)
(5986.25, 4000.75), (5986.25, 4000.5)
(5986.25, 4000.5), (4917.5, 4000.5)
(4917.5, 4000.5), (4917.5, 4959.25)
(4917.5, 4959.25), (4032.75, 4959.25)
(4032.75, 4959.25), (4032.75, 4056.75)
(4032.75, 4056.75), (4917.25, 4056.75)
(4917.25, 4056.75), (4917.25, 4000.5)
(4917.25, 4000.5), (3765.5, 4000.5)
(3765.5, 4000.5), (3765.5, 4971.25)
(3765.5, 4971.25), (3042.75, 4971.25)
(3042.75, 4971.25), (3042.75, 4167.75)
(3042.75, 4167.75), (3765.25, 4167.75)
(3765.25, 4167.75), (3765.25, 4000.5)
(3765.25, 4000.5), (2994.5, 4000.5)
(2994.5, 4000.5), (2994.5, 4998.25)
(2994.5, 4998.25), (1999.75, 4998.25)
(1999.75, 4998.25), (1999.75, 4005.75)
(1999.75, 4005.75), (2994.25, 4005.75)
(2994.25, 4005.75), (2994.25, 4000.5)
(2994.25, 4000.5), (1997.5, 4000.5)
(1997.5, 4000.5), (1997.5, 4991.25)
(1997.5, 4991.25), (1007.75, 4991.25)
(1007.75, 4991.25), (1007.75, 4083.75)
(1007.75, 4083.75), (1997.25, 4083.75)
(1997.25, 4083.75), (1997.25, 4000.5)
(1997.25, 4000.5), (986.5, 4000.5)
(986.5, 4000.5), (986.5, 4959.25)
(986.5, 4959.25), (0.75, 4959.25)
(0.75, 4959.25), (0.75, 4013.75)
(0.75, 4013.75), (986.25, 4013.75)
(986.25, 4013.75), (986.25, 4000.5)
(986.25, 4000.5), (0.5, 4000.5)
(0.5, 4000.5), (0.5, 5000.25)
(0.5, 5000.25), (10000, 5000.25)
(10000, 5000.25), (10000, 5000.5)
(10000, 5000.5), (9985.5, 5000.5)
(9985.5, 5000.5), (9985.5, 5942.25)
(9985.5, 5942.25), (9009.75, 5942.25)
(9009.75, 5942.25), (9009.75, 5001.75)
(9009.75, 5001.75), (9985.25, 5001.75)
(9985.25, 5001.75), (9985.25, 5000.5)
(9985.25, 5000.5), (8924.5, 5000.5)
(8924.5, 5000.5), (8924.5, 5976.25)
(8924.5, 5976.25), (8129.75, 5976.25)
(8129.75, 5976.25), (8129.75, 5035.75)
(8129.75, 5035.75), (8924.25, 5035.75)
(8924.25, 5035.75), (8924.25, 5000.5)
(8924.25, 5000.5), (7991.5, 5000.5)
(7991.5, 5000.5), (7991.5, 5871.25)
(7991.5, 5871.25), (7008.75, 5871.25)
(7008.75, 5871.25), (7008.75, 5007.75)
(7008.75, 5007.75), (7991.25, 5007.75)
(7991.25, 5007.75), (7991.25, 5000.5)
(7991.25, 5000.5), (6998.5, 5000.5)
(6998.5, 5000.5), (6998.5, 5969.25)
(6998.5, 5969.25), (6002.75, 5969.25)
(6002.75, 5969.25), (6002.75, 5067.75)
(6002.75, 5067.75), (6998.25, 5067.75)
(6998.25, 5067.75), (6998.25, 5000.5)
(6998.25, 5000.5), (5967.5, 5000.5)
(5967.5, 5000.5), (5967.5, 5992.25)
(5967.5, 5992.25), (5028.75, 5992.25)
(5028.75, 5992.25), (5028.75, 5094.75)
(5028.75, 5094.75), (5967.25, 5094.75)
(5967.25, 5094.75), (5967.25, 5000.5)
(5967.25, 5000.5), (4992.5, 5000.5)
(4992.5, 5000.5), (4992.5, 5999.25)
(4992.5, 5999.25), (4008.75, 5999.25)
(4008.75, 5999.25), (4008.75, 5023.75)
(4008.75, 5023.75), (4992.25, 5023.75)
(4992.25, 5023.75), (4992.25, 5000.5)
(4992.25, 5000.5), (3992.5, 5000.5)
(3992.5, 5000.5), (3992.5, 5966.25)
(3992.5, 5966.25), (3000.75, 5966.25)
(3000.75, 5966.25), (3000.75, 5036.75)
(3000.75, 5036.75), (3992.25, 5036.75)
(3992.25, 5036.75), (3992.25, 5000.5)
(3992.25, 5000.5), (2949.5, 5000.5)
(2949.5, 5000.5), (2949.5, 5975.25)
(2949.5, 5975.25), (2005.75, 5975.25)
(2005.75, 5975.25), (2005.75, 5004.75)
(2005.75, 5004.75), (2949.25, 5004.75)
(2949.25, 5004.75), (2949.25, 5000.5)
(2949.25, 5000.5), (1993.5, 5000.5)
(1993.5, 5000.5), (1993.5, 5974.25)
(1993.5, 5974.25), (1069.75, 5974.25)
(1069.75, 5974.25), (1069.75, 5114.75)
(1069.75, 5114.75), (1993.25, 5114.75)
(1993.25, 5114.75), (1993.25, 5000.5)
(1993.25, 5000.5), (977.5, 5000.5)
(977.5, 5000.5), (977.5, 5988.25)
(977.5, 5988.25), (2.75, 5988.25)
(2.75, 5988.25), (2.75, 5000.75)
(2.75, 5000.75), (977.25, 5000.75)
(977.25, 5000.75), (977.25, 5000.5)
(977.25, 5000.5), (0.5, 5000.5)
(0.5, 5000.5), (0.5, 6000.25)
(0.5, 6000.25), (10000, 6000.25)
(10000, 6000.25), (10000, 6000.5)
(10000, 6000.5), (9750.5, 6000.5)
(9750.5, 6000.5), (9750.5, 6949.25)
(9750.5, 6949.25), (9019.75, 6949.25)
(9019.75, 6949.25), (9019.75, 6001.75)
(9019.75, 6001.75), (9750.25, 6001.75)
(9750.25, 6001.75), (9750.25, 6000.5)
(9750.25, 6000.5), (8992.5, 6000.5)
(8992.5, 6000.5), (8992.5, 6890.25)
(8992.5, 6890.25), (8074.75, 6890.25)
(8074.75, 6890.25), (8074.75, 6187.75)
(8074.75, 6187.75), (8992.25, 6187.75)
(8992.25, 6187.75), (8992.25, 6000.5)
(8992.25, 6000.5), (7966.5, 6000.5)
(7966.5, 6000.5), (7966.5, 6986.25)
(7966.5, 6986.25), (7016.75, 6986.25)
(7016.75, 6986.25), (7016.75, 6020.75)
(7016.75, 6020.75), (7966.25, 6020.75)
(7966.25, 6020.75), (7966.25, 6000.5)
(7966.25, 6000.5), (6987.5, 6000.5)
(6987.5, 6000.5), (6987.5, 6947.25)
(6987.5, 6947.25), (6018.75, 6947.25)
(6018.75, 6947.25), (6018.75, 6053.75)
(6018.75, 6053.75), (6987.25, 6053.75)
(6987.25, 6053.75), (6987.25, 6000.5)
(6987.25, 6000.5), (5998.5, 6000.5)
(5998.5, 6000.5), (5998.5, 6847.25)
(5998.5, 6847.25), (5144.75, 6847.25)
(5144.75, 6847.25), (5144.75, 6111.75)
(5144.75, 6111.75), (5998.25, 6111.75)
(5998.25, 6111.75), (5998.25, 6000.5)
(5998.25, 6000.5), (4872.5, 6000.5)
(4872.5, 6000.5), (4872.5, 6985.25)
(4872.5, 6985.25), (4028.75, 6985.25)
(4028.75, 6985.25), (4028.75, 6070.75)
(4028.75, 6070.75), (4872.25, 6070.75)
(4872.25, 6070.75), (4872.25, 6000.5)
(4872.25, 6000.5), (3995.5, 6000.5)
(3995.5, 6000.5), (3995.5, 6999.25)
(3995.5, 6999.25), (3014.75, 6999.25)
(3014.75, 6999.25), (3014.75, 6013.75)
(3014.75, 6013.75), (3995.25, 6013.75)
(3995.25, 6013.75), (3995.25, 6000.5)
(3995.25, 6000.5), (2991.5, 6000.5)
(2991.5, 6000.5), (2991.5, 6736.25)
(2991.5, 6736.25), (2007.75, 6736.25)
(2007.75, 6736.25), (2007.75, 6036.75)
(2007.75, 6036.75), (2991.25, 6036.75)
(2991.25, 6036.75), (2991.25, 6000.5)
(2991.25, 6000.5), (1997.5, 6000.5)
(1997.5, 6000.5), (1997.5, 6997.25)
(1997.5, 6997.25), (1091.75, 6997.25)
(1091.75, 6997.25), (1091.75, 6009.75)
(1091.75, 6009.75), (1997.25, 6009.75)
(1997.25, 6009.75), (1997.25, 6000.5)
(1997.25, 6000.5), (990.5, 6000.5)
(990.5, 6000.5), (990.5, 6975.25)
(990.5, 6975.25), (0.75, 6975.25)
(0.75, 6975.25), (0.75, 6028.75)
(0.75, 6028.75), (990.25, 6028.75)
(990.25, 6028.75), (990.25, 6000.5)
(990.25, 6000.5), (0.5, 6000.5)
(0.5, 6000.5), (0.5, 7000.25)
(0.5, 7000.25), (10000, 7000.25)
(10000, 7000.25), (10000, 7000.5)
(10000, 7000.5), (9802.5, 7000.5)
(9802.5, 7000.5), (9802.5, 7936.25)
(9802.5, 7936.25), (9009.75, 7936.25)
(9009.75, 7936.25), (9009.75, 7018.75)
(9009.75, 7018.75), (9802.25, 7018.75)
(9802.25, 7018.75), (9802.25, 7000.5)
(9802.25, 7000.5), (8995.5, 7000.5)
(8995.5, 7000.5), (8995.5, 7999.25)
(8995.5, 7999.25), (8038.75, 7999.25)
(8038.75, 7999.25), (8038.75, 7015.75)
(8038.75, 7015.75), (8995.25, 7015.75)
(8995.25, 7015.75), (8995.25, 7000.5)
(8995.25, 7000.5), (7995.5, 7000.5)
(7995.5, 7000.5), (7995.5, 7975.25)
(7995.5, 7975.25), (7025.75, 7975.25)
(7025.75, 7975.25), (7025.75, 7003.75)
(7025.75, 7003.75), (7995.25, 7003.75)
(7995.25, 7003.75), (7995.25, 7000.5)
(7995.25, 7000.5), (6996.5, 7000.5)
(6996.5, 7000.5), (6996.5, 7995.25)
(6996.5, 7995.25), (6005.75, 7995.25)
(6005.75, 7995.25), (6005.75, 7027.75)
(6005.75, 7027.75), (6996.25, 7027.75)
(6996.25, 7027.75), (6996.25, 7000.5)
(6996.25, 7000.5), (5965.5, 7000.5)
(5965.5, 7000.5), (5965.5, 7943.25)
(5965.5, 7943.25), (5007.75, 7943.25)
(5007.75, 7943.25), (5007.75, 7008.75)
(5007.75, 7008.75), (5965.25, 7008.75)
(5965.25, 7008.75), (5965.25, 7000.5)
(5965.25, 7000.5), (4994.5, 7000.5)
(4994.5, 7000.5), (4994.5, 7937.25)
(4994.5, 7937.25), (4024.75, 7937.25)
(4024.75, 7937.25), (4024.75, 7006.75)
(4024.75, 7006.75), (4994.25, 7006.75)
(4994.25, 7006.75), (4994.25, 7000.5)
(4994.25, 7000.5), (3963.5, 7000.5)
(3963.5, 7000.5), (3963.5, 7977.25)
(3963.5, 7977.25), (3008.75, 7977.25)
(3008.75, 7977.25), (3008.75, 7006.75)
(3008.75, 7006.75), (3963.25, 7006.75)
(3963.25, 7006.75), (3963.25, 7000.5)
(3963.25, 7000.5), (2970.5, 7000.5)
(2970.5, 7000.5), (2970.5, 7980.25)
(2970.5, 7980.25), (2012.75, 7980.25)
(2012.75, 7980.25), (2012.75, 7035.75)
(2012.75, 7035.75), (2970.25, 7035.75)
(2970.25, 7035.75), (2970.25, 7000.5)
(2970.25, 7000.5), (1997.5, 7000.5)
(1997.5, 7000.5), (1997.5, 7997.25)
(1997.5, 7997.25), (1071.75, 7997.25)
(1071.75, 7997.25), (1071.75, 7016.75)
(1071.75, 7016.75), (1997.25, 7016.75)
(1997.25, 7016.75), (1997.25, 7000.5)
(1997.25, 7000.5), (997.5, 7000.5)
(997.5, 7000.5), (997.5, 7977.25)
(997.5, 7977.25), (71.75, 7977.25)
(71.75, 7977.25), (71.75, 7003.75)
(71.75, 7003.75), (997.25, 7003.75)
(997.25, 7003.75), (997.25, 7000.5)
(997.25, 7000.5), (0.5, 7000.5)
(0.5, 7000.5), (0.5, 8000.25)
(0.5, 8000.25), (10000, 8000.25)
(10000, 8000.25), (10000, 8000.5)
(10000, 8000.5), (9953.5, 8000.5)
(9953.5, 8000.5), (9953.5, 8997.25)
(9953.5, 8997.25), (9170.75, 8997.25)
(9170.75, 8997.25), (9170.75, 8012.75)
(9170.75, 8012.75), (9953.25, 8012.75)
(9953.25, 8012.75), (9953.25, 8000.5)
(9953.25, 8000.5), (8947.5, 8000.5)
(8947.5, 8000.5), (8947.5, 8986.25)
(8947.5, 8986.25), (8000.75, 8986.25)
(8000.75, 8986.25), (8000.75, 7999.75)
(8000.75, 7999.75), (8947.25, 7999.75)
(8947.25, 7999.75), (8947.25, 8000.5)
(8947.25, 8000.5), (7991.5, 8000.5)
(7991.5, 8000.5), (7991.5, 8969.25)
(7991.5, 8969.25), (7015.75, 8969.25)
(7015.75, 8969.25), (7015.75, 8052.75)
(7015.75, 8052.75), (7991.25, 8052.75)
(7991.25, 8052.75), (7991.25, 8000.5)
(7991.25, 8000.5), (6986.5, 8000.5)
(6986.5, 8000.5), (6986.5, 8896.25)
(6986.5, 8896.25), (6029.75, 8896.25)
(6029.75, 8896.25), (6029.75, 8012.75)
(6029.75, 8012.75), (6986.25, 8012.75)
(6986.25, 8012.75), (6986.25, 8000.5)
(6986.25, 8000.5), (5977.5, 8000.5)
(5977.5, 8000.5), (5977.5, 8990.25)
(5977.5, 8990.25), (5015.75, 8990.25)
(5015.75, 8990.25), (5015.75, 8037.75)
(5015.75, 8037.75), (5977.25, 8037.75)
(5977.25, 8037.75), (5977.25, 8000.5)
(5977.25, 8000.5), (4991.5, 8000.5)
(4991.5, 8000.5), (4991.5, 8907.25)
(4991.5, 8907.25), (3999.75, 8907.25)
(3999.75, 8907.25), (3999.75, 7999.75)
(3999.75, 7999.75), (4991.25, 7999.75)
(4991.25, 7999.75), (4991.25, 8000.5)
(4991.25, 8000.5), (3983.5, 8000.5)
(3983.5, 8000.5), (3983.5, 8984.25)
(3983.5, 8984.25), (3019.75, 8984.25)
(3019.75, 8984.25), (3019.75, 8046.75)
(3019.75, 8046.75), (3983.25, 8046.75)
(3983.25, 8046.75), (3983.25, 8000.5)
(3983.25, 8000.5), (2976.5, 8000.5)
(2976.5, 8000.5), (2976.5, 8990.25)
(2976.5, 8990.25), (2046.75, 8990.25)
(2046.75, 8990.25), (2046.75, 8001.75)
(2046.75, 8001.75), (2976.25, 8001.75)
(2976.25, 8001.75), (2976.25, 8000.5)
(2976.25, 8000.5), (1996.5, 8000.5)
(1996.5, 8000.5), (1996.5, 8983.25)
(1996.5, 8983.25), (1045.75, 8983.25)
(1045.75, 8983.25), (1045.75, 8011.75)
(1045.75, 8011.75), (1996.25, 8011.75)
(1996.25, 8011.75), (1996.25, 8000.5)
(1996.25, 8000.5), (967.5, 8000.5)
(967.5, 8000.5), (967.5, 8901.25)
(967.5, 8901.25), (132.75, 8901.25)
(132.75, 8901.25), (132.75, 8059.75)
(132.75, 8059.75), (967.25, 8059.75)
(967.25, 8059.75), (967.25, 8000.5)
(967.25, 8000.5), (0.5, 8000.5)
(0.5, 8000.5), (0.5, 9000.25)
(0.5, 9000.25), (10000, 9000.25)
(10000, 9000.25), (10000, 9000.5)
(10000, 9000.5), (9997.5, 9000.5)
(9997.5, 9000.5), (9997.5, 9984.25)
(9997.5, 9984.25), (9001.75, 9984.25)
(9001.75, 9984.25), (9001.75, 9006.75)
(9001.75, 9006.75), (9997.25, 9006.75)
(9997.25, 9006.75), (9997.25, 9000.5)
(9997.25, 9000.5), (8986.5, 9000.5)
(8986.5, 9000.5), (8986.5, 9996.25)
(8986.5, 9996.25), (8024.75, 9996.25)
(8024.75, 9996.25), (8024.75, 9008.75)
(8024.75, 9008.75), (8986.25, 9008.75)
(8986.25, 9008.75), (8986.25, 9000.5)
(8986.25, 9000.5), (7931.5, 9000.5)
(7931.5, 9000.5), (7931.5, 9996.25)
(7931.5, 9996.25), (7000.75, 9996.25)
(7000.75, 9996.25), (7000.75, 9022.75)
(7000.75, 9022.75), (7931.25, 9022.75)
(7931.25, 9022.75), (7931.25, 9000.5)
(7931.25, 9000.5), (6968.5, 9000.5)
(6968.5, 9000.5), (6968.5, 9971.25)
(6968.5, 9971.25), (6006.75, 9971.25)
(6006.75, 9971.25), (6006.75, 8999.75)
(6006.75, 8999.75), (6968.25, 8999.75)
(6968.25, 8999.75), (6968.25, 9000.5)
(6968.25, 9000.5), (5999.5, 9000.5)
(5999.5, 9000.5), (5999.5, 9996.25)
(5999.5, 9996.25), (4999.75, 9996.25)
(4999.75, 9996.25), (4999.75, 8999.75)
(4999.75, 8999.75), (5999.25, 8999.75)
(5999.25, 8999.75), (5999.25, 9000.5)
(5999.25, 9000.5), (4998.5, 9000.5)
(4998.5, 9000.5), (4998.5, 9794.25)
(4998.5, 9794.25), (4007.75, 9794.25)
(4007.75, 9794.25), (4007.75, 9016.75)
(4007.75, 9016.75), (4998.25, 9016.75)
(4998.25, 9016.75), (4998.25, 9000.5)
(4998.25, 9000.5), (3962.5, 9000.5)
(3962.5, 9000.5), (3962.5, 9961.25)
(3962.5, 9961.25), (3011.75, 9961.25)
(3011.75, 9961.25), (3011.75, 9006.75)
(3011.75, 9006.75), (3962.25, 9006.75)
(3962.25, 9006.75), (3962.25, 9000.5)
(3962.25, 9000.5), (2963.5, 9000.5)
(2963.5, 9000.5), (2963.5, 9974.25)
(2963.5, 9974.25), (2018.75, 9974.25)
(2018.75, 9974.25), (2018.75, 9003.75)
(2018.75, 9003.75), (2963.25, 9003.75)
(2963.25, 9003.75), (2963.25, 9000.5)
(2963.25, 9000.5), (1982.5, 9000.5)
(1982.5, 9000.5), (1982.5, 9995.25)
(1982.5, 9995.25), (1058.75, 9995.25)
(1058.75, 9995.25), (1058.75, 8999.75)
(1058.75, 8999.75), (1982.25, 8999.75)
(1982.25, 8999.75), (1982.25, 9000.5)
(1982.25, 9000.5), (887.5, 9000.5)
(887.5, 9000.5), (887.5, 9995.25)
(887.5, 9995.25), (37.75, 9995.25)
(37.75, 9995.25), (37.75, 9005.75)
(37.75, 9005.75), (887.25, 9005.75)
(887.25, 9005.75), (887.25, 9000.5)
(887.25, 9000.5), (0.25, 9000.5)
(0.25, 9000.5), (0.25, 0.25)
