254170
244 244
6472.5 0.25 6472.5 6550.25
6472.5 6550.25 6473.25 6550.25
6473.25 6550.25 6473.25 6549.75
6473.25 6549.75 6472.75 6549.75
6472.75 6549.75 6472.75 0.25
6472.75 0.25 5878.5 0.25
5878.5 0.25 5878.5 344.25
5878.5 344.25 5879.25 344.25
5879.25 344.25 5879.25 0.25
5879.25 0.25 4977.5 0.25
4977.5 0.25 4977.5 8410.25
4977.5 8410.25 4978.25 8410.25
4978.25 8410.25 4978.25 0.25
4978.25 0.25 113.5 0.25
113.5 0.25 113.5 1780.25
113.5 1780.25 114.25 1780.25
114.25 1780.25 114.25 1779.75
114.25 1779.75 113.75 1779.75
113.75 1779.75 113.75 0.25
113.75 0.25 8857.5 0.25
8857.5 0.25 8857.5 2523.25
8857.5 2523.25 8858.25 2523.25
8858.25 2523.25 8858.25 0.25
8858.25 0.25 9556.5 0.25
9556.5 0.25 9556.5 6873.25
9556.5 6873.25 9557.25 6873.25
9557.25 6873.25 9557.25 0.25
9557.25 0.25 6446.5 0.25
6446.5 0.25 6446.5 3118.25
6446.5 3118.25 6447.25 3118.25
6447.25 3118.25 6447.25 3117.75
6447.25 3117.75 6446.75 3117.75
6446.75 3117.75 6446.75 0.25
6446.75 0.25 7507.5 0.25
7507.5 0.25 7507.5 9798.25
7507.5 9798.25 7508.25 9798.25
7508.25 9798.25 7508.25 0.25
7508.25 0.25 7276.5 0.25
7276.5 0.25 7276.5 9225.25
7276.5 9225.25 7277.25 9225.25
7277.25 9225.25 7277.25 0.25
7277.25 0.25 6441.5 0.25
6441.5 0.25 6441.5 2587.25
6441.5 2587.25 6442.25 2587.25
6442.25 2587.25 6442.25 0.25
6442.25 0.25 968.5 0.25
968.5 0.25 968.5 2695.25
968.5 2695.25 969.25 2695.25
969.25 2695.25 969.25 2694.75
969.25 2694.75 968.75 2694.75
968.75 2694.75 968.75 0.25
968.75 0.25 4775.5 0.25
4775.5 0.25 4775.5 935.25
4775.5 935.25 4776.25 935.25
4776.25 935.25 4776.25 0.25
4776.25 0.25 3538.5 0.25
3538.5 0.25 3538.5 1785.25
3538.5 1785.25 3539.25 1785.25
3539.25 1785.25 3539.25 0.25
3539.25 0.25 7331.5 0.25
7331.5 0.25 7331.5 2539.25
7331.5 2539.25 7332.25 2539.25
7332.25 2539.25 7332.25 0.25
7332.25 0.25 8397.5 0.25
8397.5 0.25 8397.5 5814.25
8397.5 5814.25 8398.25 5814.25
8398.25 5814.25 8398.25 5813.75
8398.25 5813.75 8397.75 5813.75
8397.75 5813.75 8397.75 0.25
8397.75 0.25 9825.5 0.25
9825.5 0.25 9825.5 2552.25
9825.5 2552.25 9826.25 2552.25
9826.25 2552.25 9826.25 2551.75
9826.25 2551.75 9825.75 2551.75
9825.75 2551.75 9825.75 0.25
9825.75 0.25 600.5 0.25
600.5 0.25 600.5 9974.25
600.5 9974.25 601.25 9974.25
601.25 9974.25 601.25 9973.75
601.25 9973.75 600.75 9973.75
600.75 9973.75 600.75 0.25
600.75 0.25 6591.5 0.25
6591.5 0.25 6591.5 9192.25
6591.5 9192.25 6592.25 9192.25
6592.25 9192.25 6592.25 0.25
6592.25 0.25 1661.5 0.25
1661.5 0.25 1661.5 539.25
1661.5 539.25 1662.25 539.25
1662.25 539.25 1662.25 0.25
1662.25 0.25 7543.5 0.25
7543.5 0.25 7543.5 1832.25
7543.5 1832.25 7544.25 1832.25
7544.25 1832.25 7544.25 0.25
7544.25 0.25 263.5 0.25
263.5 0.25 263.5 4372.25
263.5 4372.25 264.25 4372.25
264.25 4372.25 264.25 0.25
264.25 0.25 6315.5 0.25
6315.5 0.25 6315.5 8887.25
6315.5 8887.25 6316.25 8887.25
6316.25 8887.25 6316.25 0.25
6316.25 0.25 6567.5 0.25
6567.5 0.25 6567.5 323.25
6567.5 323.25 6568.25 323.25
6568.25 323.25 6568.25 0.25
6568.25 0.25 6472.5 0.25
6472.5 0.25 6472.5 1770.25
6472.5 1770.25 6473.25 1770.25
6473.25 1770.25 6473.25 0.25
6473.25 0.25 3956.5 0.25
3956.5 0.25 3956.5 967.25
3956.5 967.25 3957.25 967.25
3957.25 967.25 3957.25 0.25
3957.25 0.25 212.5 0.25
212.5 0.25 212.5 2955.25
212.5 2955.25 213.25 2955.25
213.25 2955.25 213.25 0.25
213.25 0.25 1220.5 0.25
1220.5 0.25 1220.5 9499.25
1220.5 9499.25 1221.25 9499.25
1221.25 9499.25 1221.25 9498.75
1221.25 9498.75 1220.75 9498.75
1220.75 9498.75 1220.75 0.25
1220.75 0.25 7290.5 0.25
7290.5 0.25 7290.5 7576.25
7290.5 7576.25 7291.25 7576.25
7291.25 7576.25 7291.25 7575.75
7291.25 7575.75 7290.75 7575.75
7290.75 7575.75 7290.75 0.25
7290.75 0.25 432.5 0.25
432.5 0.25 432.5 6069.25
432.5 6069.25 433.25 6069.25
433.25 6069.25 433.25 0.25
433.25 0.25 8536.5 0.25
8536.5 0.25 8536.5 6770.25
8536.5 6770.25 8537.25 6770.25
8537.25 6770.25 8537.25 6769.75
8537.25 6769.75 8536.75 6769.75
8536.75 6769.75 8536.75 0.25
8536.75 0.25 7871.5 0.25
7871.5 0.25 7871.5 4784.25
7871.5 4784.25 7872.25 4784.25
7872.25 4784.25 7872.25 4783.75
7872.25 4783.75 7871.75 4783.75
7871.75 4783.75 7871.75 0.25
7871.75 0.25 5914.5 0.25
5914.5 0.25 5914.5 5211.25
5914.5 5211.25 5915.25 5211.25
5915.25 5211.25 5915.25 5210.75
5915.25 5210.75 5914.75 5210.75
5914.75 5210.75 5914.75 0.25
5914.75 0.25 2097.5 0.25
2097.5 0.25 2097.5 5074.25
2097.5 5074.25 2098.25 5074.25
2098.25 5074.25 2098.25 5073.75
2098.25 5073.75 2097.75 5073.75
2097.75 5073.75 2097.75 0.25
2097.75 0.25 5443.5 0.25
5443.5 0.25 5443.5 7562.25
5443.5 7562.25 5444.25 7562.25
5444.25 7562.25 5444.25 0.25
5444.25 0.25 7842.5 0.25
7842.5 0.25 7842.5 5104.25
7842.5 5104.25 7843.25 5104.25
7843.25 5104.25 7843.25 5103.75
7843.25 5103.75 7842.75 5103.75
7842.75 5103.75 7842.75 0.25
7842.75 0.25 9515.5 0.25
9515.5 0.25 9515.5 9066.25
9515.5 9066.25 9516.25 9066.25
9516.25 9066.25 9516.25 0.25
9516.25 0.25 4225.5 0.25
4225.5 0.25 4225.5 2696.25
4225.5 2696.25 4226.25 2696.25
4226.25 2696.25 4226.25 0.25
4226.25 0.25 2069.5 0.25
2069.5 0.25 2069.5 7138.25
2069.5 7138.25 2070.25 7138.25
2070.25 7138.25 2070.25 0.25
2070.25 0.25 848.5 0.25
848.5 0.25 848.5 8031.25
848.5 8031.25 849.25 8031.25
849.25 8031.25 849.25 8030.75
849.25 8030.75 848.75 8030.75
848.75 8030.75 848.75 0.25
848.75 0.25 1642.5 0.25
1642.5 0.25 1642.5 4778.25
1642.5 4778.25 1643.25 4778.25
1643.25 4778.25 1643.25 0.25
1643.25 0.25 6405.5 0.25
6405.5 0.25 6405.5 2648.25
6405.5 2648.25 6406.25 2648.25
6406.25 2648.25 6406.25 0.25
6406.25 0.25 3030.5 0.25
3030.5 0.25 3030.5 5485.25
3030.5 5485.25 3031.25 5485.25
3031.25 5485.25 3031.25 5484.75
3031.25 5484.75 3030.75 5484.75
3030.75 5484.75 3030.75 0.25
3030.75 0.25 1597.5 0.25
1597.5 0.25 1597.5 8394.25
1597.5 8394.25 1598.25 8394.25
1598.25 8394.25 1598.25 0.25
1598.25 0.25 8150.5 0.25
8150.5 0.25 8150.5 6264.25
8150.5 6264.25 8151.25 6264.25
8151.25 6264.25 8151.25 0.25
8151.25 0.25 1789.5 0.25
1789.5 0.25 1789.5 8266.25
1789.5 8266.25 1790.25 8266.25
1790.25 8266.25 1790.25 8265.75
1790.25 8265.75 1789.75 8265.75
1789.75 8265.75 1789.75 0.25
1789.75 0.25 4367.5 0.25
4367.5 0.25 4367.5 2272.25
4367.5 2272.25 4368.25 2272.25
4368.25 2272.25 4368.25 0.25
4368.25 0.25 7210.5 0.25
7210.5 0.25 7210.5 5797.25
7210.5 5797.25 7211.25 5797.25
7211.25 5797.25 7211.25 5796.75
7211.25 5796.75 7210.75 5796.75
7210.75 5796.75 7210.75 0.25
7210.75 0.25 337.5 0.25
337.5 0.25 337.5 1194.25
337.5 1194.25 338.25 1194.25
338.25 1194.25 338.25 0.25
338.25 0.25 7459.5 0.25
7459.5 0.25 7459.5 790.25
7459.5 790.25 7460.25 790.25
7460.25 790.25 7460.25 789.75
7460.25 789.75 7459.75 789.75
7459.75 789.75 7459.75 0.25
7459.75 0.25 2507.5 0.25
2507.5 0.25 2507.5 269.25
2507.5 269.25 2508.25 269.25
2508.25 269.25 2508.25 0.25
2508.25 0.25 2024.5 0.25
2024.5 0.25 2024.5 9247.25
2024.5 9247.25 2025.25 9247.25
2025.25 9247.25 2025.25 9246.75
2025.25 9246.75 2024.75 9246.75
2024.75 9246.75 2024.75 0.25
2024.75 0.25 6472.5 0.25
