63
999 435 974394863
913 721 723495572
164 61 153947101
621 773 838591888
683 441 644579281
979 409 259876834
170 931 672045659
124 258 653643521
939 189 560560149
145 253 312784961
814 881 358752862
425 414 517200715
179 965 827286229
275 622 233871589
395 799 896471722
605 769 441632730
897 848 255651370
832 796 316737445
854 774 193889205
37 677 854725501
252 535 211026532
214 237 503085124
744 943 99694689
94 106 851620942
300 309 145921714
657 16 55824112
758 554 726833006
967 984 205571743
722 948 817308482
797 943 702943559
473 177 525150442
143 903 281069850
107 735 3019408
538 219 270104602
441 561 800574234
216 907 69205417
971 616 421318129
316 31 291899623
613 92 156441921
494 924 593572918
83 826 185706431
170 149 784872862
172 525 654529022
976 77 278719915
938 764 473348415
741 310 951297244
354 479 634196480
107 1000 719608016
186 219 693296739
94 237 633499495
614 224 649128919
380 287 975508068
307 333 250792973
553 338 752108971
722 883 621229866
924 901 639354735
556 205 617725882
267 632 264447349
25 464 901733781
652 712 128529368
391 286 836472789
131 983 158022417
119 383 620303136
519
528 397 38500718
200 957 144969541
455 903 33164140
694 482 45843146
194 468 666117732
957 195 709167412
445 824 855276744
395 945 960966595
222 849 235198938
302 45 495165154
628 75 941287773
567 268 352050496
867 655 222880655
95 509 586186190
320 854 514036901
457 986 1895691
711 617 503176714
336 347 241234058
977 576 946548026
513 97 897047886
559 26 259621368
522 59 346295668
414 878 153006252
481 836 59331033
865 944 444545532
820 158 869028335
269 321 138633219
67 231 491914504
417 420 972386073
735 315 669700020
333 839 530965555
270 883 167552634
886 459 564383756
770 962 148368884
707 228 247307832
279 857 157534030
357 806 883792905
768 542 955979575
502 171 712419418
180 901 516085824
433 566 172937582
84 885 781879827
294 281 537881208
344 637 946031882
603 586 868381839
714 652 827311925
525 845 861665313
225 590 439619536
667 781 544418689
463 958 492046589
379 950 552526280
995 499 574883969
548 720 504357437
867 139 240301546
6 517 826189156
124 550 65015839
695 357 624985346
778 554 982161988
545 839 611082000
874 558 68007097
95 246 895275739
338 143 705255005
619 334 604047332
466 310 243187402
679 979 768246094
758 519 463922959
392 81 257065581
874 722 750882328
988 334 152487616
196 897 573907752
915 721 632227302
32 301 556679745
276 178 248160463
790 855 733171947
680 458 263974352
58 68 725675681
247 877 806825161
251 620 908308011
323 264 173410572
91 143 883525901
817 247 849927979
122 313 765733233
434 98 487284242
191 317 90195523
369 809 595556485
279 1 324493926
169 748 542619765
728 80 9789037
806 551 195746935
60 89 815529700
724 728 399140684
87 445 273176054
437 581 975877254
762 968 521561982
772 772 205170517
22 291 27028632
933 628 351049031
434 125 695748624
617 516 156543286
97 412 815161581
29 35 235634030
798 607 366621549
768 87 30676250
754 551 675639326
146 434 356522490
837 824 77385205
118 6 317036865
927 148 596006042
585 878 35096377
11 314 824206605
407 679 545522220
697 304 945836544
274 788 867768705
511 443 503747324
944 354 429464381
816 663 230703779
313 917 996765486
258 377 635005647
331 653 275622159
500 161 801534782
500 530 285829893
404 900 365726378
702 567 533268200
821 86 55824345
954 864 93140750
461 115 409562037
230 159 322259038
19 748 317852999
976 596 635303197
761 833 779456729
544 622 537322914
717 116 421455677
589 315 626370336
996 116 163702601
117 820 232129169
705 129 685552543
498 150 691882895
929 769 378727954
403 557 520619672
76 229 509113099
248 443 92485225
238 334 421677859
379 950 114496474
141 248 550664085
543 653 84543721
911 997 561583625
987 862 570738459
57 300 271753972
784 765 978649406
997 750 371034963
757 13 463640430
484 930 920611562
986 807 460204758
866 548 180099642
27 158 241750012
50 767 555478723
575 891 50715321
259 443 630263279
21 677 487639537
452 739 441258749
567 955 625964823
975 413 866925073
545 538 272532202
446 30 244508092
297 535 309408200
821 759 197497620
897 415 636464638
867 506 169244292
70 838 701620632
460 810 892067912
398 423 966711386
978 23 631256530
484 196 953304364
338 610 202994130
464 663 258163621
399 585 522582748
155 844 825000907
260 573 422614706
890 137 673055036
616 947 527565407
569 742 987951693
509 390 335798902
662 470 286644494
336 154 233405901
702 501 960078964
390 640 944703263
66 818 747604668
433 324 113144721
546 626 963901404
683 215 33237270
197 361 659383357
94 464 249831006
771 195 558599241
977 273 34298957
550 857 36192251
329 710 434471621
832 922 169528819
210 773 268124469
454 284 206957896
320 510 645036447
139 942 793420937
91 879 565770144
840 597 937864173
682 979 288210103
661 993 994462445
664 663 741929852
800 28 719156023
355 326 619423843
481 485 25224104
750 763 247459000
155 988 143711289
81 90 264225354
825 284 955300587
636 252 770459014
637 467 546207504
210 600 517542282
190 411 493610414
741 479 486073202
660 456 993949475
219 760 674226203
123 420 191790887
689 14 160776057
247 907 321801229
293 558 238010135
336 217 618785879
550 349 201911003
902 583 995638343
820 195 418287579
328 208 280374893
863 740 158867141
439 858 89766067
989 20 300035150
690 654 384640822
540 532 87766998
644 738 595133732
260 493 489646333
367 928 565008508
627 615 384497064
681 800 780191906
32 697 583034897
625 548 110430873
384 662 617114177
225 73 457119798
833 999 679336673
186 91 492298288
894 327 759566115
815 165 435533238
227 179 200177864
203 372 719899929
5 223 15781330
68 710 193900501
800 440 234287480
383 334 758923328
101 898 260763955
964 522 645266672
15 304 574396896
176 629 177817120
495 162 933454161
701 763 362072271
815 219 296421989
129 920 940605545
164 248 722697865
456 546 835425136
392 621 564176434
103 454 147869815
39 603 163755559
284 951 761434881
22 822 542687566
617 251 797692412
108 327 726736346
811 174 345470959
533 763 296998355
409 953 366790606
274 847 659770770
104 156 711852416
744 549 802068552
673 600 196525250
915 8 169342826
408 0 581166437
961 114 406214751
660 424 169511533
688 367 378766788
421 497 781881320
67 145 529232953
780 973 492129063
809 247 67914093
851 204 922018658
949 659 524167329
424 331 605036139
637 596 246037493
91 303 484514009
825 353 774872642
949 126 434822107
563 470 20604715
996 340 411624111
353 548 984875564
496 211 39022834
178 711 321780843
1 349 168655354
632 42 111370729
202 126 998469039
403 559 741921566
567 86 67963247
618 649 356028860
270 26 834534392
261 86 7735066
580 70 937746562
959 300 949510968
403 369 27835292
682 909 852706321
775 291 623224223
804 860 72104406
461 221 746917117
506 614 500247194
703 944 711197196
124 797 373865944
150 241 971091762
988 938 284881773
908 88 384719013
698 61 975543119
918 477 543578917
690 253 830005345
567 523 28924586
621 294 605855012
632 899 710468850
850 929 694104474
533 192 588100566
248 660 471342789
589 241 161998913
101 542 265326694
838 164 778304344
85 125 144963670
806 777 671717876
508 415 586844314
517 756 730212881
471 725 65122038
347 870 95936167
509 413 189993935
227 563 807735921
295 457 784207174
909 630 829903977
788 149 57845765
471 621 777616293
958 389 26820532
274 691 843946555
719 837 797650194
979 225 244828480
375 559 755716133
203 114 144167195
319 721 956666748
231 309 898254620
379 90 813708277
161 75 613451115
79 772 850830345
162 683 997860302
449 14 195948535
289 273 986347868
267 573 30903893
198 484 293373519
94 996 26976386
524 107 249728062
990 313 323774548
457 840 228850399
20 9 182935250
669 132 714838250
513 765 634583910
63 39 969019745
435 817 65259181
100 676 153953795
437 584 216728577
381 190 458354821
574 838 6078054
413 454 340831415
193 242 334703561
646 521 209057691
505 838 586015900
685 812 233796211
468 540 955164407
705 517 305618014
704 167 108124907
348 187 768064835
67 114 205930029
435 769 296876749
631 844 46373846
592 646 467797021
496 663 779997714
969 454 173501498
699 293 468766268
499 865 27112450
709 956 367361082
309 147 123055937
775 611 60482438
143 187 402240812
846 172 709565269
858 115 52359510
7 27 23432093
969 501 316099858
437 965 998029534
508 146 302301032
178 286 220693462
811 60 958852782
997 718 383283936
577 177 337355264
139 57 503500487
72 897 263764804
157 900 3973161
606 396 169452657
983 908 907402159
55 608 472470526
263 282 548424902
404 970 865441236
830 807 718428663
344 217 100886278
854 167 533473788
909 393 175383350
365 499 772418815
730 447 120506590
20 389 895005933
762 317 668877312
298 802 976618527
797 366 945283957
518 78 323672815
790 220 76550597
971 984 232967320
705 287 629998031
869 137 55757718
675 29 908436142
139 247 859199606
487 599 650807967
475 805 422078566
834 181 513536639
11 455 841887636
327 512 618548743
135 552 747616423
607 186 589458120
734 871 255292259
339 575 484514464
498 168 194585188
94 874 755932534
714 32 878114377
279 193 770421448
658 178 941760190
621 814 214453532
294 706 603094717
862 384 981251395
375 8 662156159
350 929 944056555
897 673 569419518
320 34 131157654
150 562 857895514
17 46 400105686
366 820 148901248
546 602 984509624
223 878 259080632
629 867 932587399
269 409 340874641
176 621 636933936
171 186 609304097
140 992 474754857
78 877 76179783
981 708 536545246
758 572 203735117
166 430 720629187
35 202 977779677
134 970 358284851
223 522 200932665
436 639 454991886
769 986 591985182
113 750 633539337
868 96 157308734
660 142 217655491
28 476 394498523
617 825 415161484
121 350 130022750
393 150 340265803
262 903 494022770
158 735 179699907
761 250 909286147
237 948 130155017
49 238 826794140
423 256 264031903
481 658 690729568
529 537 891419672
827 851 561198904
65 9 431950161
907 577 214073658
145 217 950320667
543 55 481996331
960 64 793482512
907 676 850812471
341 899 693615060
972 519 913089803
432 581 639284990
255 904 140442978
607 637 832700129
90 978 649402332
170 383 18620908
871 223 424668410
956 488 714968116
217 308 531782452
123 821 918803876
749 725 850560888
266 624 907943146
90 887 457772106
883 572 230018198
747 177 365954942
595 593 518192408
231 718 45908171
553 913 124017617
70 687 318609372
110 417 405799820
568 122 638378325
460 339 56592629
880 718 157266705
644 556 737556450
292 202 120688741
935 907 841357684
340 490 385334591
25 269 309726535
