969
613 817 870809934
901 942 30278582
413 815 527565738
15 98 990752896
851 491 789297504
993 210 716429473
464 847 816265087
387 177 242196385
817 511 152846450
495 871 959463867
52 183 603261726
136 133 66337957
215 703 280313372
499 385 60303263
799 50 488285872
726 971 688748767
159 10 149096549
358 603 420399086
261 840 980960458
18 383 523409516
20 576 225061359
311 929 243794475
591 387 575399945
340 833 822105103
161 548 235454304
708 397 986402328
354 564 708389881
395 693 157107233
619 393 764889969
824 87 359591507
391 457 850233112
735 895 566590421
113 75 570416379
959 220 71002556
949 829 961206811
80 90 463168225
353 401 535653285
521 854 345995981
597 736 995440609
185 193 97443769
473 889 619945966
206 167 120435989
391 926 843037442
352 986 484774295
638 485 828876977
867 727 955973560
987 592 133073683
818 374 36469542
253 932 976603354
316 16 998598607
347 258 220421533
576 385 540828205
943 972 381456219
315 522 654292519
268 215 134448744
128 823 211671904
295 717 642556087
980 966 423088673
745 378 493186532
303 674 291071745
333 254 631308841
507 815 262131819
162 293 425556398
311 231 400224638
984 487 61154229
325 510 38620658
462 559 236289992
169 943 969266709
415 838 191346485
343 739 4017805
786 122 996663840
773 967 187531482
805 150 297403988
171 490 423222745
553 29 701807973
24 227 62274889
509 847 788202842
450 946 996143263
606 288 16391265
16 717 75576086
270 895 491291547
241 692 2290167
330 568 246378880
928 747 842478513
353 828 775760622
151 75 554923763
814 555 495310924
169 615 901654392
442 522 763632970
666 415 598770206
732 105 306029892
124 80 984264494
393 331 880352652
87 530 981851543
798 10 953150569
5 653 471280271
226 150 840743021
368 483 891513619
886 809 783265917
615 9 949068313
467 211 835956561
369 355 420055154
898 39 51740774
803 733 796275132
307 814 368595115
527 96 201178968
97 780 323677649
940 864 220131737
144 952 47518271
999 808 314485034
707 85 470102152
954 374 765310876
31 125 809136231
638 903 982105656
735 72 607607622
823 816 168033114
190 382 699761386
19 442 530879228
226 38 324140282
216 226 777397633
405 987 131401190
917 931 568923104
782 238 59766034
234 838 450112313
509 808 587058906
66 877 257813347
142 494 274326487
878 111 942285044
622 438 937814700
948 399 102358198
661 834 689646923
283 857 763343333
10 116 563805500
998 325 888737075
409 196 57840745
902 515 683828383
430 296 938805543
90 218 203484131
395 729 401338191
291 447 122361788
163 13 416609172
563 433 73692401
343 562 44005566
271 45 439963424
848 476 899571980
503 856 480623976
370 725 849620242
58 94 592515573
259 128 938747149
890 976 474586004
9 910 270536545
447 793 539804569
697 479 885400347
549 80 775902682
639 692 994836723
622 317 841344560
516 112 797990462
252 768 23447178
346 245 483133187
415 467 771046306
709 189 415589934
826 735 133947340
191 153 585735909
580 431 101004663
39 339 979016486
758 326 697484067
2 273 773169609
128 265 808560635
721 978 560420024
481 64 699274629
115 184 804823348
918 108 534768689
462 64 923399177
838 212 969286053
904 994 224086960
289 281 156828329
562 809 231285245
452 628 500839277
472 455 152173325
416 78 103612647
646 232 573954456
345 912 657189681
728 540 518348991
946 53 357013214
294 549 743945511
76 6 227253743
430 907 116699360
1 393 404160810
362 659 380837634
900 85 984941468
215 996 933792501
548 679 194217178
1000 836 196772945
281 494 691012606
655 826 107038440
612 416 421278541
851 698 902232563
704 784 117599939
879 903 212218497
127 318 763219322
334 818 603836882
207 791 171189152
682 799 467738371
579 299 666127977
12 181 413960937
195 900 453999257
767 959 881327284
172 165 249778221
312 897 446080278
176 117 246129492
794 577 611512596
317 629 63023659
656 578 342237582
948 210 179959436
125 982 805332849
154 575 475852928
922 206 584543267
246 644 706117441
100 704 787891732
193 134 427231415
588 975 192050771
89 378 475689748
914 878 99782997
621 813 33275298
163 497 585713958
177 54 781314797
504 528 467206416
194 759 660730195
207 147 956869411
382 933 581941603
166 324 299101139
842 77 425893423
885 648 490573720
387 1000 43742632
980 177 952187205
813 32 784453464
128 190 303038705
0 145 841011233
973 223 191322481
41 654 694011973
257 351 289359863
481 666 802089935
530 88 459712185
560 643 85516650
655 900 535250979
18 287 372205605
433 401 905026882
415 331 935681930
145 811 436297914
874 858 747174607
33 538 247034139
352 362 839931246
769 729 580283069
483 820 422437512
968 649 129757986
312 461 178653759
153 376 294069227
805 162 155425820
292 663 467184571
540 285 179234938
622 706 291498692
452 246 209625757
444 136 983372318
333 810 457490410
307 976 263191018
155 679 959429448
73 662 130372323
165 985 966017050
931 234 776937615
731 565 813439456
228 64 910000028
460 35 520844912
877 211 575063976
486 657 305246438
694 702 336770250
909 856 380978383
490 660 463653592
219 524 285121563
250 19 340855195
547 738 347856938
875 19 145475372
683 911 734743422
15 366 690715374
892 715 726653884
875 507 987544551
252 577 62694575
735 570 447804244
636 391 845447835
778 926 972136205
875 278 843358715
251 824 228773101
676 702 237126895
19 390 261730547
406 253 76434699
181 63 692029873
575 144 165800128
745 104 595616507
61 195 264081444
414 899 905431476
746 662 669266965
294 497 375462497
31 444 883787353
179 877 921846352
846 205 105133760
524 742 752726631
738 113 30513109
301 983 986338153
105 450 242328570
79 626 185315967
555 932 238500614
18 731 289951531
397 100 800596745
644 846 28421838
757 91 67002092
649 239 878056616
797 136 711769242
961 922 541908212
274 100 158958866
236 58 939790604
363 473 513593556
90 784 608327348
800 973 774457164
441 324 226206269
127 94 384375580
85 793 165988821
164 159 412731501
589 139 730824917
815 275 2567356
572 637 304529041
766 946 854856617
133 309 907192563
371 472 953415417
518 989 315308800
317 827 291507523
102 765 95591448
422 141 768657343
511 964 569621874
661 443 408663565
644 86 7661658
264 340 526588149
716 449 756210308
347 119 270084049
421 1 76851559
40 207 243348702
69 458 510886485
205 192 998056230
370 701 593859777
666 336 773457695
321 615 433118731
493 751 705719730
521 538 503079373
479 668 258480097
109 193 511696146
181 293 139722584
440 34 927288259
977 984 797886866
814 148 327290250
566 867 871151227
625 795 734565157
641 357 418352440
511 669 694532651
22 115 225126877
929 187 350931411
219 265 879366080
256 92 455568109
366 800 369565605
477 376 222278854
793 305 985557218
603 92 294000631
265 115 197671141
996 972 151744953
107 299 691729143
967 584 285469269
965 890 642657727
515 599 825334485
388 153 858492717
561 681 242168668
436 821 362689962
948 575 857023817
378 531 242566624
927 876 987786778
896 574 522177731
824 445 508809441
83 755 575112773
403 277 208461682
843 661 380767812
84 891 425675460
601 609 652267050
672 455 729959536
497 135 485675189
453 923 693374061
184 747 271966272
424 816 972651412
489 100 50385783
380 361 334867512
62 674 942129271
554 819 636307864
366 593 138175164
7 24 675421944
308 831 714216968
522 184 862111308
380 889 685900011
769 917 299507665
559 94 930595601
616 268 776248580
629 973 444398179
746 475 195560492
421 902 270771293
750 123 146874328
956 873 647542078
527 323 511528037
342 13 365362599
79 277 967435043
442 377 599795886
71 557 20412646
663 881 979887065
883 711 776288579
322 699 149543838
493 696 176106066
145 893 207832142
469 544 188438853
990 398 49740680
777 243 128177313
215 392 11020865
423 186 903432514
668 631 23433423
132 478 470945457
536 563 853422324
298 289 935874217
88 477 106697093
971 77 170551521
319 414 98360526
238 279 114666481
73 791 780596707
154 797 527432320
951 896 286712774
538 108 743693631
644 98 141938310
932 141 557495482
119 235 242765452
549 574 38095830
656 648 689444385
787 809 710192481
992 683 162005485
279 479 646341724
974 317 186826378
574 44 435365851
468 570 344849219
9 584 693307648
133 927 17562606
628 314 392450435
600 167 532903774
439 389 927281634
766 347 435869092
97 890 245666977
468 597 427874092
540 743 312490297
811 449 619629340
976 214 253097426
95 745 134775242
285 486 948040892
524 207 99691319
263 917 71871493
160 39 956570569
253 418 922139310
364 890 869855532
65 961 221739932
713 886 574473622
145 77 938282404
371 389 925737755
777 719 666224915
64 659 305611758
182 680 190522690
312 362 249542014
534 945 698589831
149 901 802973033
53 375 805860732
391 373 461118588
287 264 583729168
939 808 4064098
837 198 449192057
148 909 559899892
552 916 73290430
926 902 311820298
278 481 63415327
289 114 852601213
309 957 877414013
657 659 477717532
791 430 958518328
427 291 477773754
186 608 410429678
223 84 73179790
848 345 480889088
363 46 527543123
459 791 63948536
639 20 109728734
485 938 633421316
714 941 995350728
595 322 735657683
467 974 89468145
167 457 889532839
71 685 746742626
459 940 117726969
873 306 735065241
173 420 766559232
293 920 270415432
437 933 279749934
270 490 9415292
604 616 263241081
649 615 522073013
920 839 701209496
456 63 133867265
157 887 753221932
484 266 969567802
936 69 351754749
117 122 724800263
160 375 678503538
609 537 280629288
430 69 741135167
33 550 758556149
118 399 884644725
460 818 560596830
824 933 456517281
774 79 72927488
618 678 18240854
575 527 461948532
536 511 441430063
781 635 45547866
607 333 28761216
46 843 305155798
679 935 304831945
922 1 160482556
947 586 943070031
883 183 129513733
78 146 669824981
708 98 551583798
592 753 412275026
534 986 676082716
517 273 590896681
577 358 271419902
885 569 801213926
283 368 107302589
893 530 198026274
378 384 257268991
431 316 617598457
785 503 542935857
510 228 724345636
789 48 469490024
358 613 390494508
439 166 903030115
757 24 634543014
229 55 355198647
402 110 283332721
176 592 764068362
377 734 471237046
347 538 808829031
812 697 356841741
498 303 584879535
289 655 117892978
916 576 977949707
152 771 549496947
667 459 305910129
341 942 813112601
682 999 648699372
358 102 502287174
377 734 216879662
26 807 484264359
819 938 559141186
700 218 953089947
582 94 977783101
799 918 456789921
105 902 618980853
911 804 791915036
777 681 25225059
728 250 588156926
412 586 261092332
25 683 878763590
696 733 765429628
801 690 179442023
247 948 888252562
975 778 843138841
620 663 719778822
562 422 287362158
889 353 761781661
711 645 243321621
436 551 57991188
183 563 794626695
428 15 860378862
686 594 577031400
397 531 4478216
790 588 125055567
155 871 742436182
91 597 473545415
233 256 825821381
208 510 460827817
212 673 448333606
928 339 95614197
175 906 357821907
871 823 766120206
576 125 816805890
725 183 733744567
361 197 654408676
386 928 527212549
381 647 836499767
779 250 795726013
726 277 712964324
743 670 763102004
465 376 517712950
220 752 914470349
360 214 646267926
252 766 23892677
565 760 342510397
285 917 338684408
88 764 554533387
589 857 7075032
397 0 295941876
201 92 52326259
927 324 182218428
27 51 428489366
137 345 844388152
211 955 696971919
345 609 98529741
503 141 773113326
471 86 143890482
245 356 53694627
849 742 340597304
200 752 620983434
832 864 717681941
734 577 780246590
573 878 799011182
408 259 261900956
20 99 155536160
859 303 237415442
72 405 144100020
116 326 151712342
445 773 490507223
406 888 832637551
181 995 603221295
384 696 95458535
56 636 194640326
939 805 287691582
161 312 481009994
828 954 52723106
146 76 964242186
87 611 252742931
61 287 940923314
969 482 950226698
678 255 916822462
344 642 898574617
656 430 649902925
401 601 203108381
883 290 234149929
96 219 205312590
732 831 14578799
845 289 59893329
208 603 509174901
693 986 41201474
931 732 846570406
144 884 7354078
89 707 183142081
484 778 430363294
782 854 95022750
203 244 297313234
931 816 616502454
374 568 944197585
17 505 353336466
326 281 340854419
730 272 92207178
798 197 225239890
156 118 381604133
465 181 441543711
617 423 901165211
769 432 991071340
206 187 126328788
833 675 911469547
501 465 941882252
217 730 282708744
517 659 673036357
552 361 165657641
234 783 81835661
437 222 211950148
47 420 327089217
759 428 360577330
337 766 958727220
850 128 564635112
203 228 780513044
340 210 726650380
608 975 769040998
313 840 967647328
462 820 726453087
698 207 312676349
808 497 215683390
9 844 114894784
664 446 258977044
253 544 93971157
76 430 359379791
392 640 86433239
767 700 994606005
41 207 827104222
384 629 554750729
894 32 581212934
420 590 81382599
213 292 348125915
344 577 200568983
448 794 412718630
492 747 191847324
538 845 144342934
638 582 875567316
436 981 880570588
240 320 963459665
14 234 551805843
960 71 925951736
214 709 273313974
638 165 163213024
505 795 381644928
360 941 620032087
90 622 931613913
260 30 374297298
94 238 395105368
642 860 545413510
619 214 140982116
799 757 836241773
270 639 820891309
444 285 404936274
584 375 349905580
32 761 355740355
434 791 600074786
206 459 715536477
476 918 577446501
275 221 934565944
578 572 379780414
782 260 857148424
174 385 570595359
533 564 322276156
125 96 640509808
434 36 687317686
699 176 13201136
708 194 1013227
905 853 834216151
453 890 628536167
809 219 921057426
280 213 727869886
585 652 887433407
279 618 423809929
220 656 381051215
156 733 374424991
774 851 583920599
420 666 250400413
608 542 317222961
313 58 152231536
33 435 206804103
107 432 446700683
489 414 393986715
196 82 419831656
412 543 253600876
217 91 643413376
511 852 724600701
601 954 596631403
556 560 222892044
222 569 447106412
593 29 634892926
484 685 742206033
272 678 615027175
863 314 676478542
987 681 229871215
48 551 632439562
440 246 332230695
245 545 429351463
292 619 611834308
389 930 986610977
817 686 919801249
731 731 979923881
484 340 59207218
968 106 895919466
199 495 606255031
741 731 989131444
640 247 281953644
322 442 858688671
663 746 846198426
534 342 604074673
547 370 897461694
149 268 877866137
735 324 686804571
28 653 497848876
932 234 814259042
470 553 164599729
586 100 983849360
572 441 594686963
971 460 77747252
85 109 10638941
219 275 183901098
451 994 666267576
357 242 294904744
359 874 675413136
139 809 919673701
790 681 119109005
377 990 786433410
710 451 120688076
951 302 230046226
546 672 125801321
187 374 521009980
994 828 674834678
361 27 66956045
984 647 512290710
727 886 725356212
266 613 120058767
926 74 912367381
465 931 68473501
116 170 834946364
588 141 55875033
438 139 210971300
949 478 309757359
495 654 666871354
50 491 778514971
873 806 554442047
39 199 920677661
420 201 723382671
371 1000 477689467
578 464 548227517
292 74 169466719
215 343 642400251
548 900 960901327
890 926 819896177
197 1000 948474457
720 896 894330907
655 133 207528421
559 622 940646530
749 135 239382331
82 84 685522923
418 781 78773273
897 302 813835249
606 74 768060551
899 443 97240968
113 879 313452483
927 455 938231293
865 967 24937245
191 188 375464019
798 781 406650625
800 558 762584090
975 970 155624747
274 272 356334324
563 991 253598372
796 179 470932896
143 915 409306483
945 143 127056754
12 424 451126358
949 154 535778275
264 876 396065200
12 358 460035072
903 783 71258008
887 934 87914174
436 520 209714959
627 276 679534360
202 462 919631917
573 358 904314759
40 340 732251585
370 575 754368058
8 716 709692000
637 911 438201439
595 967 267430941
933 872 725804570
325 684 822054799
826 390 36142254
68 505 484300694
657 828 838833254
855 249 654549640
977 867 169257691
451 971 563990573
474 51 17185349
277 123 374470081
64 165 38362536
28 236 461641053
750 982 321917412
953 837 342523565
153 542 927201311
691 474 54066034
993 812 655557742
370 774 104537222
722 384 624473487
62 672 421002809
598 938 556995702
136 521 138441987
199 916 563488504
606 337 783545649
217 417 60606166
310 986 403734151
91 722 156945286
712 234 350843868
860 853 263278233
925 802 722137544
738 44 47486478
893 392 741422150
146 639 93907322
684 916 139664087
582 63 33380334
867 16 887690850
796 884 245846440
26 529 207851310
489 490 834713998
623 697 181790836
792 600 389140796
431 182 11497546
467 903 192706741
264 643 132733383
925 973 54148750
307 129 755904465
740 108 725258590
875 916 668918982
930 830 127617622
828 989 840646684
223 739 787337571
123 465 870765888
435 817 503465929
39 670 458410388
427 490 217000185
435 138 334149241
656 26 374175005
54 290 763152672
374 784 895367733
744 584 467852838
417 178 902090743
8 898 495568266
932 343 408705270
997 533 978603390
454 316 938945366
925 200 844886368
305 865 61007378
556 818 473626937
405 319 204109218
772 725 741957266
342 695 75278310
751 513 790985893
128 424 550427113
643 345 897421684
120 817 120018176
725 21 105895114
465 550 887775923
378 494 153815265
574 913 161134065
476 553 418053096
855 609 892996679
92 360 375663902
964 912 217108931
500 118 167067986
582 483 653627933
547 28 924901274
223 493 159581146
657 796 340188713
677 17 521093803
683 576 665415486
187 921 626830677
863 329 125702805
273 829 25589716
9 443 14315247
433 739 601411784
399 900 484064693
649 987 798242804
805 453 998550609
307 846 352125044
753 447 806037075
851 138 961025879
791 475 648437829
433 192 141821940
177 81 403686080
364 753 999724535
337 261 60086765
996 91 357395847
709 1000 55772908
86 47 386789035
1641
639 246 130130787
139 408 775631205
348 122 211617841
626 115 759301773
896 287 230085135
45 898 818571003
126 661 390590785
857 144 394293021
721 494 212944171
94 569 729675248
711 657 278926822
532 386 814947466
721 335 201840222
504 590 787762545
504 374 835277619
376 810 65495086
556 631 649899631
532 272 78256895
778 135 674247861
190 856 563428876
653 144 516594316
579 643 907941042
743 614 936936876
339 538 10715054
472 590 349310120
444 20 254309514
236 807 97813337
370 768 288321508
174 596 233212617
141 608 577491510
918 412 441353267
272 112 925898318
645 188 871963526
686 264 778814960
595 836 578295699
486 141 817847632
415 527 215318411
367 762 330435062
701 171 276027648
207 347 985796676
53 785 620244149
719 28 566103616
623 645 295498287
158 148 56662154
243 30 255952780
75 908 526034459
359 427 332961149
328 45 912682072
570 282 991111418
217 914 529176409
546 940 771968405
413 236 830814154
398 67 199116387
23 221 919865149
569 544 739093567
279 908 779909486
657 546 21863107
215 696 258133654
992 917 988075825
35 497 990040752
891 294 983593619
521 84 39455649
397 606 992422780
153 373 266985334
495 504 750077894
792 794 186529457
390 607 5082746
897 723 206994646
385 218 840777837
928 710 976175461
957 697 597445919
308 244 100843476
526 354 996906864
377 842 573749747
648 353 723813974
981 201 214298372
190 569 86749536
117 125 315000378
886 819 915689975
672 236 27022125
168 483 730679987
48 380 338926628
19 373 548816842
61 638 585390622
518 94 24219597
293 703 47558925
612 707 387201380
762 881 436045890
734 249 203833549
523 913 63665099
491 865 411625088
346 395 2578337
465 596 875005019
716 447 950577253
832 665 349162008
932 26 915962855
120 401 91662721
837 540 918868440
413 616 536138593
26 971 647062440
107 17 385312657
668 203 290370359
956 295 636695499
501 725 499158685
306 798 351261700
86 865 966539608
412 836 443335795
203 250 187441807
214 84 124558162
815 985 511102460
584 279 969876221
279 438 155061788
446 366 636396923
594 890 614260440
725 616 72258854
386 196 80934217
917 932 74964030
253 356 370595261
773 51 522631268
852 330 833683759
853 799 892624990
932 809 671458780
619 126 128352989
919 499 896600760
125 883 258043785
367 685 135137836
524 266 844989882
916 137 513834278
848 666 356355394
965 882 997901258
594 677 494689469
498 233 936554688
873 7 402786714
753 342 47668895
639 757 990418883
716 137 675316879
455 605 957538460
488 12 639901911
184 142 187378209
397 255 297816062
14 919 42755998
706 563 79553210
971 591 213618087
239 563 431616777
489 994 965221860
341 953 750902670
476 191 84548851
695 845 499491484
766 210 411366524
578 687 958317480
463 694 572179352
357 739 482631628
329 492 717281983
740 822 106924399
138 188 704755427
146 762 835943215
437 982 205067763
616 195 790667864
100 815 948756222
635 43 621005076
67 958 121338000
723 529 160927552
908 792 285930874
364 462 444895630
232 581 312152988
809 428 318151508
624 446 994711115
515 946 699742813
895 915 694221187
869 558 630339941
803 980 939464981
102 984 927630654
20 821 327417444
82 350 123161872
822 664 797335096
841 164 986396911
766 760 868943837
285 551 953117667
464 168 620359346
715 287 936841963
721 252 370224924
766 412 555539612
614 947 200030940
77 102 715328254
535 348 167677171
850 729 717653192
297 49 969501752
297 782 35688641
451 663 636907335
235 220 993072763
456 266 521007574
681 652 300072254
290 837 210717738
80 340 511567912
473 979 70041260
731 165 680121327
896 926 979217101
371 650 555410862
145 556 478294236
85 704 809946824
799 417 743777713
960 63 112199900
748 740 638765155
446 91 424736983
647 865 874698451
791 481 786230602
634 328 307851027
56 361 673321707
311 15 173776048
762 977 886437821
943 820 567805745
111 146 308774420
132 544 625156628
294 11 853024303
246 535 690102201
549 119 723884541
498 14 914437359
215 618 395852960
181 923 444073406
680 275 884981740
569 428 751506890
43 970 95851013
740 883 359092136
305 442 743800642
709 186 729908944
620 272 521998025
413 539 207993512
448 624 694677181
590 817 364022206
583 803 81873708
260 365 905756316
884 397 95715157
495 437 245485439
667 598 104649383
748 81 806140351
368 391 602073668
336 350 276616131
826 377 670704224
655 686 40492018
826 983 259504321
324 435 529563251
435 629 496353169
991 658 702308888
749 829 707376254
633 597 482001805
133 515 164952959
906 830 337002681
916 983 175117342
134 758 688784700
23 597 325749450
299 944 967086549
384 467 972268058
795 345 567444418
418 130 5909904
68 66 44427951
346 539 216011193
673 245 681763370
170 942 98244666
630 669 867477814
627 487 211782024
556 958 565302726
515 986 112966907
841 472 695499046
96 118 132491712
589 117 287376623
58 303 945982450
180 76 106030804
642 840 337781576
438 331 890946564
613 92 330454993
13 797 816969398
905 301 581756240
800 840 826731809
556 351 827408846
592 434 476650823
571 810 177321867
381 277 966715207
303 404 661104235
69 389 895817351
746 321 121367406
22 698 296027098
543 383 148547724
464 642 721118021
692 453 798507243
559 179 193106779
415 642 872747002
188 234 172915828
633 389 8391797
234 87 958427543
569 124 480830770
113 7 854700461
945 685 135890477
74 353 468162854
236 337 210904876
849 379 345093719
566 184 551093272
98 158 731569893
829 983 5059983
199 268 158379739
942 376 544605072
348 359 976825170
50 891 950212663
461 202 846227361
881 793 76894646
543 694 519552619
393 381 448255801
941 523 276912126
138 616 129783737
968 723 399313623
938 140 517629610
209 948 730504823
259 466 841354626
293 796 854082404
364 340 47406231
829 472 428853
543 768 586659213
799 152 178165884
388 850 240087894
794 453 318552034
899 626 530062016
993 608 475303349
322 864 603653877
437 286 646942535
75 203 932151477
181 753 134686591
725 344 430699934
864 659 236636650
361 666 793715712
261 155 874046852
255 430 240831314
346 351 913703232
829 783 522405603
179 166 445864250
257 550 848582529
670 997 22181974
759 120 412775438
939 66 278682559
136 187 792357527
793 711 497160456
812 467 837000945
881 654 551017029
272 740 831054859
12 589 782093377
894 886 904480756
308 940 164213946
766 896 49986781
267 63 383607274
187 772 477603215
562 750 62854682
676 725 729667017
631 77 379100539
74 112 289927130
938 60 71665090
467 448 675644495
31 392 33704430
974 499 407038165
792 950 86474790
43 125 936223382
630 471 365942188
843 915 166525852
519 108 339248809
148 251 671746175
748 22 821840317
879 575 730374300
518 118 819617423
637 650 315140718
182 101 270844903
339 46 192999342
790 603 380933001
333 585 707707137
588 570 30704077
84 223 621178823
409 223 889271944
8 513 357408194
116 170 63778337
40 243 788575306
330 772 900608953
567 774 155236843
782 478 213598470
81 820 501080771
15 45 584160472
852 345 879674269
458 67 820130650
62 926 955352626
874 610 841843255
737 985 473875179
596 559 699359597
136 502 834572107
775 130 16441415
637 530 212316325
583 578 768703290
110 300 795088927
368 791 529063364
791 871 31689229
712 28 87651089
738 145 820495842
969 96 517418479
953 316 774229246
445 371 279752634
648 28 632777891
124 908 680018567
872 96 695985919
997 343 710082985
776 935 670834971
146 170 15890075
204 17 208646353
562 791 419370772
220 262 188517406
569 800 133482329
103 315 896256454
358 661 6086450
759 557 639130642
119 213 295337991
112 475 908105226
266 5 114176612
833 964 810516931
355 955 341092475
259 373 376005957
898 923 92676172
169 268 621815538
109 900 533887647
951 431 536843264
302 944 550988627
725 379 437126695
203 201 116678861
30 827 677489385
733 147 912314395
514 73 899746216
169 952 333901486
132 496 949171429
584 44 691207089
210 285 876397134
849 640 69172574
507 420 625151046
320 616 512452846
921 253 530438518
93 664 173335708
907 250 51167445
323 68 300960350
343 715 854385888
591 977 367223612
11 526 404887518
794 866 993076001
333 322 116959869
909 42 957812392
422 484 634281748
907 183 978258599
14 318 320411983
925 686 53645150
405 894 482962141
810 379 663620939
588 484 257388807
850 354 16237034
713 471 270733861
318 109 224189488
488 885 162285149
10 651 794573517
748 775 555115664
143 182 619527720
155 386 776178404
915 84 792823054
832 856 544512815
789 855 989022615
451 380 752813588
389 79 940203399
782 54 494534285
886 903 582049573
213 684 332771167
98 921 313329195
43 713 78572868
616 777 295659514
128 63 690675662
559 290 57709420
563 673 291028265
961 297 996528916
421 552 704951372
726 436 888601968
374 437 406006699
511 456 831471049
467 935 879365762
983 440 442587183
343 513 718265907
64 536 792263132
248 417 70662578
556 943 187982685
478 349 498631823
663 149 447386248
164 573 928947566
297 25 859963367
981 615 451317910
324 64 819699343
104 721 998946554
408 663 784654749
783 888 889360937
297 431 101021857
289 522 621634451
599 777 852168069
642 974 882813211
495 46 573812874
182 847 192174566
371 282 768580671
774 958 413032978
637 554 968933067
292 99 42361607
879 23 177480293
875 17 22373902
384 197 674340007
770 224 89167182
258 86 2015142
672 882 225867146
55 68 53682084
239 205 867139276
723 421 35325178
750 382 947086122
47 996 60470199
161 134 169324366
490 621 325914012
219 250 848549058
142 70 303050898
860 867 855286756
937 213 41301507
728 529 869073994
996 157 968543811
45 501 270019466
484 752 826105202
194 249 679548073
363 488 687008198
128 740 221065740
140 872 164289499
570 9 70872394
991 112 267171572
444 524 179630910
562 411 872680538
256 88 60737174
534 523 989562345
830 27 500642823
181 16 630352853
549 431 699630630
699 312 55429005
523 252 69909283
759 846 632801673
723 604 55103634
376 774 663194707
814 152 631668903
202 352 253885708
87 769 987663934
416 408 538229541
828 793 330121411
53 268 286531963
961 496 205239359
968 154 868221409
352 652 751097985
473 306 227983379
201 22 723687378
947 876 838278519
197 279 360840851
436 839 767348904
656 173 424105965
842 602 919271172
130 481 700411559
676 63 10980683
985 329 70469866
700 874 367201520
989 215 29561227
245 335 182833119
944 854 282778669
704 152 122668789
855 706 783506955
674 578 66793838
21 657 651432945
191 828 2752447
90 381 848127925
0 755 126528750
769 975 459663192
581 617 521248038
72 198 187785955
467 211 624331472
405 494 147792988
748 849 747754020
338 44 224654652
199 358 527357792
837 994 82055423
67 905 492474309
145 453 199876136
629 130 128169607
941 856 284137084
570 834 583344559
591 214 336625112
382 404 730039407
92 239 433414354
483 24 744011815
555 444 68612215
552 777 44237735
705 318 466528213
802 833 139261592
639 552 591379276
651 275 98126443
795 394 4868314
395 362 673290101
790 920 909595036
301 501 38724327
139 398 205059208
814 177 404061877
782 970 400654899
858 763 960668206
302 406 243316116
932 38 957172416
694 964 961578941
670 895 134033603
986 929 956734769
914 445 478703820
942 835 904695247
747 739 381953171
870 168 934367200
15 374 476662572
302 369 544599740
90 795 929283209
343 971 721057096
614 174 6036195
604 91 320980822
395 907 624912060
206 435 895756399
606 156 940087434
856 967 23936802
270 183 584513592
437 708 840539184
876 678 702782787
897 968 881369911
779 114 671709043
140 56 643028284
363 943 809287634
434 476 403119632
137 644 264488452
583 21 365672177
729 385 13532519
316 880 111289931
260 322 603800550
356 966 364478002
610 440 707899471
267 338 10580286
841 507 955662091
968 825 552319834
988 207 598361100
139 762 612889047
499 317 354312755
635 454 842122066
426 309 866383388
773 444 250791313
739 827 735422435
446 65 96141738
257 162 590956742
731 166 594048294
237 219 783261713
360 817 467948147
498 191 480538539
379 867 599072596
708 712 767474166
448 367 729300409
977 239 698994553
681 46 288756116
508 752 379176702
417 379 874510580
449 813 98460916
892 719 77781423
875 520 550495601
878 267 914634906
393 220 827025435
85 83 159235351
295 133 242506225
519 697 53470364
134 659 86307294
501 354 533396052
649 601 402085193
637 324 64336923
38 523 418583029
418 421 8893896
58 521 276034904
240 434 283827742
97 348 99239785
414 536 818457010
348 355 830097978
904 225 384543285
38 601 256699028
247 805 283818131
44 953 167372729
764 318 747791504
369 705 926241880
156 358 469978458
703 546 451188835
669 96 611675295
214 118 269750686
491 787 668080058
497 831 71003905
164 517 246934677
973 732 704374563
245 474 855455860
598 384 878100654
573 9 983725715
249 834 272318592
31 883 383959
433 247 382429901
468 357 740219231
655 743 693460573
281 705 57758132
677 816 952289038
131 220 258756238
395 725 81217821
118 115 887214558
366 184 549377236
75 709 996701070
186 515 433907263
690 413 604026724
143 805 99566395
944 917 322800348
299 904 849837479
660 133 674964528
810 518 666285090
599 114 284727033
686 68 398122386
733 283 577533345
539 784 424724968
786 911 684236063
337 211 150239443
715 358 823908881
636 123 259846777
465 857 430719424
98 135 562966131
370 238 204500521
663 515 326321862
626 838 578438695
416 270 926968298
540 919 129239595
991 894 843503797
765 179 980130166
431 902 708257697
801 493 700249247
173 527 593496537
207 684 425406407
993 180 523994071
358 42 599089495
732 980 689707239
999 906 726951697
627 763 943997953
837 964 794723486
290 483 12203255
715 972 477287086
215 657 235181490
155 610 195896891
411 579 306403121
803 644 388816529
146 60 950425523
759 565 952467636
643 911 774937231
850 583 986325121
337 222 340159067
481 993 276698265
581 818 719346868
599 977 563124811
209 401 324092598
981 567 646682135
232 662 922371233
537 682 805404519
995 608 815481015
673 339 116768471
806 482 611565076
319 199 901511698
664 985 918631042
941 110 144069109
145 679 939205230
265 148 299557562
80 878 823389232
649 954 981055676
468 324 773179447
559 900 705923591
491 777 383041277
748 326 318924175
977 50 188061025
683 793 298944567
763 1000 6316665
739 146 169314800
818 228 176369400
314 537 313934249
99 412 32475930
848 588 35342819
898 451 310577171
491 0 140246827
524 682 243192363
291 71 310074346
319 796 635707077
144 820 128630195
1000 737 279757974
154 442 169113541
941 735 186476078
961 797 875111513
912 642 468975944
409 243 759098004
463 900 778093057
961 460 679338965
121 285 266280810
236 739 946250160
398 973 591473184
657 98 733392339
807 643 523464612
588 699 832737228
214 15 448940165
767 882 880660138
851 366 194814906
25 79 247992946
509 247 127709348
966 859 587285928
216 292 554114814
268 898 287542846
933 155 560261094
901 231 758551719
300 105 502761988
454 968 496530422
124 253 452287897
745 490 498480931
376 225 681116145
298 613 360497038
232 206 260252975
968 417 222465069
667 614 556658327
173 760 207029526
761 921 568829899
855 713 858313032
143 878 665169964
249 142 389708289
769 538 759069648
490 698 561715040
941 51 744680428
889 939 200820358
895 648 153410530
724 714 459276371
992 342 844640428
275 969 189884406
586 743 271864635
923 198 269452667
836 203 33817079
963 147 476166779
509 71 770049493
176 146 503180765
111 859 612809558
599 141 713665135
851 551 546500154
948 223 30462273
165 725 578286593
266 254 282888002
156 95 724502064
105 744 132868937
791 279 185761008
510 871 817216037
599 537 719638795
400 373 216317715
775 136 979349927
573 834 69368414
425 378 737966885
960 606 590160601
537 938 944035953
33 987 425884424
787 798 332967404
6 784 255865904
103 808 499329140
563 739 772040239
936 392 208097897
188 711 391193241
272 67 547470977
386 574 165279929
418 442 742372790
911 374 793165254
75 777 565896719
674 272 653928516
157 410 150058188
226 349 104127969
725 444 603163858
433 206 972436547
731 41 941966806
891 87 234639286
153 952 336853511
428 293 290390313
163 953 746664469
374 282 133640562
981 778 781086924
892 563 355150503
516 278 439777707
971 595 610979375
892 15 234943757
328 257 837984716
257 989 125023928
628 970 443146406
682 164 468062954
977 181 664992994
934 113 930690849
257 138 703805995
923 991 421403732
112 484 897467515
912 474 6356464
511 724 408721908
684 152 640423227
169 196 789810688
85 237 524110727
123 860 504514405
199 869 888503116
656 208 130455161
281 38 198036297
33 94 325448510
5 247 354400106
729 809 147061772
261 244 778490647
974 376 739943897
774 166 274973537
58 136 987476139
385 594 125130060
944 128 483136473
158 591 682599121
380 325 768252036
930 124 709491930
293 566 665231616
499 303 521522386
223 851 868876754
174 696 250559434
181 58 909418221
241 768 304116016
740 990 437392848
406 440 165643873
324 445 625328021
227 568 484960632
499 326 274330140
169 83 134682176
753 15 595536124
425 66 285338093
720 327 641648557
329 643 797633355
684 771 288888286
660 399 848208606
803 168 609326096
948 115 325937418
649 534 596011123
85 834 662886140
633 829 106751915
11 924 633620419
956 546 459030871
990 877 19431107
335 158 427797640
959 221 352492571
217 373 459448702
545 14 830429883
943 870 328792642
215 649 273807318
584 133 207289944
394 944 172757032
616 670 756480455
46 834 945675751
413 960 726263797
495 490 627407161
764 904 844804773
98 9 442948259
56 775 320746261
306 574 300581066
497 254 811913906
939 641 162491533
100 604 804888319
553 508 531141457
671 432 668341531
679 337 241472395
485 232 545672193
439 660 53781381
71 332 777316967
93 204 903286434
44 813 618241089
564 279 35272558
397 823 72649041
912 937 239033265
611 539 558136281
581 782 108726447
572 576 217430442
30 862 434249505
276 597 23007907
532 932 998988929
598 38 412166910
448 782 575196003
786 234 256840395
56 169 460308369
900 916 147176665
938 928 479715275
365 863 650716072
250 46 381461439
800 711 596796996
109 105 502881690
32 158 105327274
147 319 293172452
335 943 345765514
599 893 617107842
670 755 982194052
852 959 888213001
276 190 648479220
886 960 581538940
533 370 227727315
343 53 18041822
74 467 782548443
541 561 79143368
265 983 431628399
740 53 100753489
802 871 192661202
571 534 441013678
456 385 497002734
562 222 367816365
704 911 163134948
262 570 380526586
336 348 917205873
270 536 823247003
608 627 898774602
644 110 280872267
573 588 991022187
748 88 333572857
820 833 245674617
457 280 558903468
208 684 56319325
427 21 47533673
489 809 306726066
580 426 133316750
252 698 95318253
160 836 690257115
21 535 34810375
576 277 236955823
453 146 222105964
159 379 724289885
850 869 43711752
310 43 125927204
724 651 828996737
54 832 880819330
675 99 129381150
186 641 59779242
315 158 715415518
132 514 75426628
792 575 975819228
381 537 495786512
4 19 722265341
78 138 159307676
16 370 475036571
436 25 522868329
888 258 291402766
308 912 909670143
69 723 207101829
49 953 536045326
266 699 589470042
16 987 460085711
168 185 324851226
337 205 540717754
124 563 4927312
777 737 256989673
625 496 523493614
423 994 263237413
997 756 847902673
278 583 319500423
863 285 258307140
45 126 598593912
989 351 807911484
519 297 497182047
529 786 761678191
191 428 242025419
654 340 691530283
995 34 154153094
794 110 229376880
640 567 312263412
756 660 298158079
706 400 723409237
778 340 911856778
851 895 439870180
836 90 104758360
573 510 754464249
932 911 91659907
687 278 723821047
239 371 60936286
847 668 234449729
192 709 813023646
918 573 441221870
801 331 277145201
918 280 540365895
197 774 493517649
187 389 623854457
67 761 550988401
254 429 616146306
961 340 812453450
332 564 178534590
522 535 273608449
995 66 724594573
160 579 531054063
558 756 799914815
16 792 276577487
391 758 935122485
208 911 437771495
481 952 331590350
691 808 696674407
711 92 840944906
719 5 115710310
164 341 481992602
247 981 71959669
256 625 771569529
37 563 482714480
380 734 291545761
816 220 484741872
498 802 795208203
927 866 689893762
384 422 974559913
325 80 262314857
443 733 804906351
192 772 247387102
721 308 620895768
284 768 637870637
521 322 211404529
612 553 755914470
875 972 228090335
600 9 508267993
811 738 592126661
983 980 314551079
883 229 207340724
666 720 751274420
213 34 289985158
688 5 701174788
792 607 29178622
469 139 304518003
555 477 543308942
950 929 287682681
975 786 654782134
377 40 266148888
603 633 249585267
901 668 611667020
142 464 216353680
14 57 377649631
976 85 169086717
328 346 359034175
28 980 256551524
877 107 572135646
63 573 115069799
220 249 827197760
348 110 708125220
168 912 344710898
316 7 37326955
458 40 497383404
512 282 929303924
568 783 40706673
288 999 716285856
666 984 506350210
29 352 995452970
562 201 680058972
445 111 455002343
836 543 535383504
423 832 596833990
66 214 916671766
429 914 405595839
628 948 805831658
424 951 77739436
281 975 36476165
547 406 830640604
818 588 830540899
783 664 644666112
232 960 944569221
601 866 77855373
863 721 606496373
295 803 330905398
521 173 853026734
321 578 813747820
972 179 620191701
97 905 196766584
21 629 949975246
530 783 360816051
658 428 352215122
225 215 176195052
672 969 61676688
784 164 649442390
82 392 734873601
128 432 541011999
444 985 57699978
162 472 844601808
807 358 183342303
580 248 224729743
952 717 716305010
257 976 905261548
663 132 796820864
118 179 826479952
936 808 228389913
705 691 990610473
492 556 975238354
32 235 7591715
526 326 154717210
954 186 113341628
41 993 5719047
262 872 376032143
116 819 105586257
672 881 700948264
226 874 463932032
165 610 602513745
409 899 345629441
116 10 200820776
348 206 798040457
499 787 566455654
385 310 811709752
232 327 141735294
875 200 201039955
610 233 26509166
2 194 51761340
456 280 153787012
224 938 97651988
730 673 606465139
494 674 29642211
456 259 511975551
824 257 13163089
373 479 6595438
450 984 819434637
558 789 615772316
104 209 558114116
246 883 875704718
212 432 873642696
18 186 252363656
851 926 759883506
46 330 644262573
476 297 91056132
572 437 271696605
792 522 550337944
972 911 590396798
226 590 764456909
936 489 496400648
145 41 562320357
380 343 859222764
135 779 500719848
632 284 251390710
137 630 924282733
364 346 572713920
225 413 133346038
74 945 664302373
804 169 636240990
474 861 478944250
207 280 159435238
375 43 917978858
308 515 973915397
310 190 384035128
400 349 783153169
573 449 991704488
500 935 833167263
369 280 419547740
95 601 389882204
439 714 783106687
32 157 365585482
652 76 666071694
670 548 362820385
913 412 831250454
91 218 69852326
202 397 691306134
657 517 809820612
675 79 844565692
263 23 550277353
613 842 211388863
427 339 136652085
890 462 246625679
203 54 549025453
986 711 95589193
885 800 612460824
569 159 878911500
955 708 337798134
981 411 498589242
890 816 22461520
696 202 167745316
151 949 96644603
90 852 402757910
458 167 885448243
146 795 727422699
433 518 287637039
2 288 666484123
744 790 907009857
716 849 698620622
922 103 576089768
334 579 54163989
618 203 765153909
878 551 271837196
922 286 812607261
999 372 2251574
991 35 299527313
468 460 844696505
316 742 699542504
172 809 48585758
820 378 26621073
672 437 966661021
243 815 961027008
395 439 912612397
752 199 964026925
231 86 262729593
828 756 817180264
857 974 704332899
852 679 865207210
865 388 460310151
822 688 366810046
726 208 250144456
135 720 322567999
30 226 983264857
187 605 256218593
568 459 346107057
173 494 320892223
142 572 885134675
317 228 202344680
595 516 207593592
940 844 579990182
212 110 625186908
394 899 730969013
745 67 426994218
685 418 862575364
645 567 209619365
60 139 588653788
240 204 872023694
731 313 950594094
79 262 823842638
139 761 758095303
801 963 17435386
779 727 264136318
737 80 1797434
390 691 622626679
37 123 405663905
765 166 393252334
340 795 746337
211 250 1009501
460 294 167632721
238 866 479730396
220 197 183996545
565 160 779396134
664 347 98417662
336 485 65049476
777 511 225574335
415 221 144404527
280 344 584125913
594 49 918263308
392 505 88555961
136 731 92810469
726 662 518117620
769 604 155751083
411 455 419659771
283 355 724722291
774 177 3133058
758 385 185514860
246 903 48191439
146 922 148478191
619 315 717219970
823 55 861181610
299 299 36120249
754 576 456829536
546 131 892885308
594 526 286433291
490 357 184646910
425 431 818318050
436 228 116461517
140 374 802336981
356 121 304482512
740 783 750568095
156 880 718489606
698 824 426680985
737 347 764410698
925 48 50190829
886 69 514257809
611 893 248469528
428 250 294021150
278 201 483990221
215 220 419507134
7 984 208195494
330 366 451338455
460 601 782639009
871 654 401369814
668 384 891292423
678 850 988609357
662 73 392901045
632 292 188956632
51 31 414985276
400 705 229385726
594 318 852682674
351 854 150987834
817 478 591951932
127 247 576463017
595 202 219870247
205 621 325107176
452 543 967857220
704 421 58747508
594 535 638205448
245 239 292778853
245 623 258311111
11 227 759444971
104 651 355541386
409 912 651529773
533 468 841074024
520 821 34224364
818 968 408486837
616 196 544291454
474 947 885830869
103 479 553509773
61 700 575744584
426 480 992460082
504 954 73161409
519 98 262748974
245 177 837747673
648 325 292941883
228 42 593183696
393 412 419690887
329 186 297010239
449 835 860603030
170 619 369414902
799 48 186358639
829 567 293618843
830 575 344843398
982 827 642108411
186 802 991949920
744 981 721329378
835 112 567068339
478 445 825967396
593 932 738464653
467 238 266282491
121 735 251212978
894 779 889908723
595 859 834038325
536 176 117767705
326 31 62231862
543 989 68567534
8 329 729133480
165 742 11240434
842 665 922168797
398 412 676664507
365 590 201014744
486 535 690125000
331 846 228754718
539 742 352325132
738 70 540773492
286 326 598492516
118 367 913543497
48 621 493705902
357 94 760439573
875 291 165767984
241 459 68019378
52 912 592197005
177 850 717328416
285 644 510390274
112 163 333347782
188 574 728776610
837 698 794465774
332 720 28558651
198 755 827973401
841 541 295319851
846 45 286492666
214 886 661175859
189 648 92697643
336 293 315174132
331 612 815728790
755 897 534888073
168 717 872511364
603 313 36002599
281 122 182171376
169 615 496506929
769 121 832320331
779 467 509104677
235 787 970215285
612 180 488569572
187 578 114720135
258 984 114672838
458 762 22255103
783 986 163727640
473 624 521654539
920 945 129805373
938 445 937555815
877 788 177966079
251 708 2819073
574 477 562624637
407 219 63066738
423 152 902687911
812 495 654625294
653 335 495891537
289 498 288329518
294 928 511352465
736 901 373052632
184 577 948087480
525 861 392150010
12 628 191675697
884 121 123293587
972 188 286411766
81 806 699814655
129 739 321833502
10 242 633486204
485 254 993531998
245 228 119967695
586 108 161933070
732 671 954281380
47 906 978525845
188 309 384010027
158 315 15197253
886 847 710959940
868 470 451218086
390 706 832117730
223 768 46487887
376 407 821283611
710 715 99490898
258 718 221985960
866 754 660707996
139 835 609533911
112 912 944417731
722 663 767103703
572 890 172656045
161 462 954057681
2 97 888457899
288 263 892717220
666 899 450533437
502 200 944125160
426 30 198650633
194 632 277040405
71 852 379247991
17 200 226581526
947 884 757807575
37 763 131176155
954 779 612519219
946 927 177555513
617 819 184220272
756 405 481073653
815 565 29539257
281 585 740351225
245 304 162976368
298 677 450600268
633 301 79245280
702 980 606990492
151 2 284689620
926 141 226423719
751 311 301424060
988 953 944634639
945 994 511582373
838 452 704536315
876 339 162229729
955 68 467702488
356 184 280483964
24 5 911935058
685 298 203066578
522 669 620730572
439 969 72015435
788 585 326587653
858 404 496329304
819 992 104015473
963 130 681282027
296 551 205629262
280 972 603019010
506 460 775068532
826 216 852030033
531 958 154572812
130 654 71383374
942 430 428610137
711 279 585561771
185 85 139253243
23 786 857947183
547 191 64545123
528 324 699273731
310 342 593109791
931 466 323490676
348 483 359964860
784 671 613321139
65 440 864630148
793 679 711371030
299 950 377607869
681 643 88731640
50 431 624850604
6 273 443644264
245 681 90309518
982 249 595271997
3 491 357946146
58 81 746357860
490 36 580329570
62 654 618533067
579 525 423683976
241 355 798096235
619 16 670211318
972 42 48182852
581 666 788778888
111 999 874562373
864 400 313275074
104 901 865818775
540 933 727948810
760 479 451956300
294 355 948174471
598 669 922158239
309 643 115041912
235 207 203568640
536 782 255419872
234 523 323007452
216 102 408985870
444 487 589198890
375 107 521005490
82 339 59763341
21 746 381993171
315 764 381113865
278 899 987875033
420 42 614382910
536 996 338134411
776 295 274372365
641 252 746855009
475 733 187194171
991 234 738513633
999 203 733410484
207 506 112207969
963 253 307215858
39 765 781351081
343 815 959658847
576 761 166980041
296 160 557402751
968 691 267342729
729 409 145774423
750 211 216188396
340 297 600876638
873 418 997829071
433 182 728845996
481 821 74758702
391 322 534529786
14 68 34734378
293 530 924645679
654 450 424715243
127 3 175268110
192 737 845173505
816 338 163580523
837 347 126308511
401 648 953903466
22 350 587894269
441 507 409649827
793 430 163137098
937 874 88853194
95 696 953061608
13 180 980547480
612 889 328993518
335 385 81700337
765 25 70499896
167 177 154555971
978 731 434921852
184 914 355899719
782 984 696162303
252 641 386928486
250 723 879720535
368 777 947043281
148 561 987251084
545 714 461372560
598 269 457732586
882 411 178448848
171 594 633378211
590 808 866171432
514 280 268716565
