541
288 327 208757874
778 499 859081012
269 690 968037584
99 603 369269240
696 925 486515419
117 660 781026981
210 377 395525272
40 363 458440574
878 902 560875588
303 573 170385952
208 783 953141956
369 6 988714775
377 939 305105030
122 524 111126874
675 762 748326529
393 48 36598259
552 625 85026376
454 362 474519230
938 853 954934755
939 506 661995091
756 604 339349581
658 339 867014251
292 876 412655890
109 60 651018441
552 940 640033201
546 128 372843808
749 208 923314247
703 802 222672962
532 981 476113228
635 230 423141303
433 519 261872381
356 32 736849079
580 980 484919065
644 840 688492762
193 831 552133717
820 172 641562274
25 203 443417506
122 62 43308691
650 523 491563603
994 607 627270622
153 630 369127449
736 700 759750559
673 266 879391910
670 766 712886553
756 541 384133652
712 209 2300187
157 901 735831665
973 955 743514535
629 871 651905749
393 352 612861299
729 154 945291644
189 670 356630973
698 778 596686546
441 985 399664399
124 758 840833303
522 433 203320599
143 798 30793933
283 72 177606390
284 41 923891357
981 959 819504700
377 73 661615522
825 456 921856150
198 318 392350053
993 422 848968732
607 119 313365708
904 33 357533195
461 739 253217160
23 35 953128646
908 504 820993178
620 4 792479607
683 848 646444127
980 783 866135600
43 904 801615807
821 630 930432761
852 997 911717906
2 842 463206773
129 458 497408212
893 248 762417829
533 180 757822712
998 612 873069066
412 199 197073737
528 699 124493593
462 401 633791253
95 284 106001916
227 8 417746534
494 82 441594708
966 533 164840894
292 475 527708463
697 989 821949013
888 826 200974909
208 649 478237946
529 951 661381627
614 912 256100133
864 819 543480648
647 887 528078289
314 366 69906548
366 158 24700339
774 357 741735069
730 756 414154195
127 266 448355021
475 27 15848011
87 782 319477240
399 937 66291483
499 355 163376788
753 769 542334479
490 857 684713432
259 314 552934804
600 386 997633333
125 458 807592077
307 905 333399219
649 441 876291136
884 921 20948330
734 376 807681733
395 142 33103413
131 740 486268764
449 261 132429547
786 380 146405106
216 186 75889780
157 755 978154654
574 325 51399583
995 457 67503079
468 552 129179011
748 672 827861903
360 316 813971982
787 508 726638794
255 148 587067286
98 844 504650567
271 934 63437166
403 878 72834812
798 232 970079047
671 433 619653028
360 964 409684522
861 90 80065135
601 813 545592871
479 497 218228289
537 486 43472975
442 590 962553485
254 712 548827685
408 896 592752711
844 812 905738417
953 768 744061822
115 340 305206715
862 807 287143754
492 729 671875541
28 791 286705506
927 451 329801222
858 345 176332725
52 497 38863863
211 188 862282909
985 733 22575951
321 987 497552013
305 854 477806614
161 102 582246466
258 801 331327759
123 804 631370637
232 265 163235662
209 291 418854706
287 797 26686518
72 520 464085245
198 904 303371691
920 588 17616582
57 767 80675382
725 534 80011977
401 984 51420066
985 991 680258249
548 630 763714152
889 427 243393399
821 396 85406484
273 872 816796213
395 841 612728191
180 657 384281939
596 626 778653181
647 267 605350918
569 722 68388704
3 450 170196788
250 208 566489478
334 613 560750370
686 915 677791282
555 549 388060567
518 289 373167428
180 452 303661110
51 764 74461743
367 162 223269217
719 493 86538396
831 937 735262176
513 940 624581614
90 706 879530233
185 970 347091505
670 452 829751114
115 791 229502686
811 291 621181175
481 437 873443433
409 630 180720272
696 430 842118884
911 246 790072768
214 1 606615945
288 212 408243319
300 833 218757476
713 892 92478088
890 374 376262507
214 667 68991877
997 179 227728584
659 374 56298137
222 778 864223127
274 791 246138782
189 799 822928614
799 762 104962734
304 997 841718012
836 592 218463241
497 305 985897494
959 566 466020548
801 580 301924469
455 386 527407999
465 52 761888030
140 984 134812517
20 333 614472574
846 125 906726946
357 348 120753963
174 87 93084367
343 997 166270738
290 697 238939596
999 42 429882265
884 176 357856494
774 561 949659274
193 212 390837459
496 666 256594373
633 325 171780646
295 397 238245261
386 258 373320931
357 104 416578093
881 420 965382317
481 430 519160335
195 24 804632212
743 839 866397741
652 396 951808478
89 571 7710919
828 232 350840639
518 956 326784759
190 373 481738991
149 836 157478162
133 629 685482447
950 61 21947352
408 126 375921820
543 385 86096761
156 133 530697457
309 960 241807238
392 57 725278185
552 489 163081394
953 755 866248591
636 726 672818058
493 117 233848346
613 872 437510172
670 739 850826664
492 301 960701082
183 968 682051203
507 371 42989073
418 407 976943654
395 319 562205808
105 842 404248179
422 35 632270844
841 138 47795849
769 684 508044486
135 247 779854583
207 674 800136581
428 731 136480286
545 767 587296689
746 80 285069104
973 302 960137764
570 223 814747474
382 749 137950230
38 93 372873868
360 331 886337120
551 641 52937623
531 12 515747950
784 949 969010369
695 704 309564999
497 598 763736955
290 538 785633509
671 987 411009423
721 764 980044876
307 684 630618561
377 890 710689221
255 385 823524691
874 119 889270704
411 635 717119938
903 447 393821519
775 378 121966198
466 133 446332539
280 550 382558649
238 525 928672789
386 428 441697819
18 235 497254630
411 856 427672704
656 831 216596074
476 51 158861392
440 617 257559368
869 274 628318460
836 213 853728158
370 797 46088459
500 356 793701722
866 989 131333838
862 35 779885283
965 375 463899967
419 211 257621778
733 650 953654184
602 22 948819499
7 875 728664737
326 238 727551223
725 772 674144021
331 314 163762805
740 348 160825866
870 569 969039926
405 469 739517995
589 689 249733705
986 692 331718212
760 567 489647826
723 714 677215850
576 844 76586095
943 29 448125126
16 721 136602752
376 201 755391751
417 554 645721649
194 901 294883659
367 719 111481635
987 393 754937654
336 751 15373579
114 174 102685550
201 683 99295483
810 610 130050945
81 86 376073173
197 393 653021323
928 576 62464648
568 200 166659551
774 195 684920595
956 619 309830898
45 472 372121087
464 300 783481692
381 641 268128801
629 187 963806559
394 339 387969803
279 562 345833340
526 558 482211208
287 633 827820940
415 478 849893735
429 532 894241847
195 952 115143312
912 461 662727406
309 616 931341426
720 335 622519402
613 498 914960377
86 354 395480874
990 705 717340736
976 458 982664743
235 785 703549744
344 647 418953814
550 833 315142085
952 7 91814432
783 861 286802539
572 955 359071790
205 712 585250637
785 997 710643520
366 963 448955199
868 458 902184873
17 13 577932397
125 365 831061566
882 930 910498267
809 801 364041093
782 990 242397509
668 373 729871829
625 331 288634146
500 727 376543938
357 31 827595843
268 731 434210901
280 937 36267996
511 886 287111993
680 252 111165319
147 107 267535731
783 404 980513405
81 571 767942932
466 8 634933156
37 255 558072166
204 297 184419188
223 890 742764271
259 845 998234944
518 994 695256925
704 570 778746948
569 337 556002655
71 50 702760801
732 953 159493843
431 639 929541205
254 990 17436609
791 359 574585514
959 272 822100144
614 964 573543971
471 343 337711040
695 270 37817827
787 27 820334819
193 825 996072750
333 686 118906800
798 775 961499797
295 561 343025618
841 496 837076902
427 668 455758731
538 283 919920750
299 403 232271629
786 201 137551298
607 298 640423338
595 773 583050200
782 801 760923576
360 327 102793817
741 455 614938396
817 669 427060451
264 640 41985828
750 65 639001407
773 357 120109039
738 911 13303060
968 676 641558552
786 381 160277185
996 196 639139832
116 423 112105898
888 620 921499264
152 606 73252860
615 792 348833822
99 153 958916505
606 217 572663365
518 993 58460837
576 513 484678179
303 960 652203830
82 449 365972411
117 310 628214067
687 336 702757270
283 188 498030209
41 92 25118656
316 450 761216520
755 984 7638384
479 546 775983945
840 149 563585487
559 721 305202089
543 628 12243636
19 175 750357551
518 142 49360145
496 156 769161402
214 267 545510043
175 483 778586009
395 720 9026536
70 832 492640772
441 271 312501688
376 149 433607458
232 824 689189660
179 833 550385181
167 102 286276284
456 257 175266505
832 491 949729766
643 840 684266026
357 617 653170749
505 639 575941543
38 425 116877301
426 506 909066818
11 105 82989011
704 509 852216764
424 381 649850832
514 66 386514916
115 339 32340805
311 515 816267032
788 396 637230415
628 755 79737962
897 752 823448980
860 514 25115512
980 353 37605745
865 902 407739822
44 817 962229999
998 707 814722949
173 500 19802414
369 361 682963245
315 253 594805886
996 66 91057070
663 35 343620986
81 623 834359547
178 717 961766372
511 15 585850394
768 982 578347572
271 740 166336405
471 155 464769248
882 662 176426619
763 637 242808560
980 849 859721298
997 689 309350623
968 806 888822312
394 553 469072042
216 138 880537862
479 272 97222611
993 507 590046700
191 372 314178809
588 198 321685274
85 121 39752773
860 401 447011735
688 841 363679506
800 892 327720139
639 777 766352489
189 208 4444632
145 173 599597905
451 525 132888905
1000 86 228735471
331 79 633441037
599 137 316191213
219 711 146016030
459 665 130265238
823 358 610255638
774 632 869624842
324 360 540603500
560 968 749229872
751 223 479043116
839 197 198076345
233 370 471412414
937 654 938173884
986 720 744588345
962 447 865292380
657 237 41104437
464 222 151198451
67 235 896716870
183 833 7479876
514 879 764656213
125 408 135109161
134 123 782516628
505 985 266370192
546 467 663202808
296 37 69138707
260 241 401987473
193 886 303873398
153 838 415591280
832 130 90230943
243 488 22732717
983 877 130247330
865 249 109807954
971 879 840097412
69 72 940581793
316 839 617946942
95 447 122837637
85 566 106828607
370 937 627989327
470 22 245496636
1042
815 11 115534880
903 836 829798149
357 123 365960530
504 134 880259681
31 892 986270208
73 994 458797720
241 452 823154312
46 673 598936364
925 14 221237440
19 372 236440914
12 523 557692023
83 905 477361449
437 598 217646418
980 443 781843404
700 338 195028188
302 204 831909918
372 351 47892875
805 269 169314378
101 585 903749498
858 446 190698751
314 321 714206782
40 236 423214741
280 350 799637848
474 11 662408217
561 1 557977020
563 783 118295700
8 790 616305605
909 533 169188382
755 108 970705770
161 797 278944270
927 168 558373549
482 790 781908625
162 308 220959384
663 671 40141965
82 261 690230924
564 763 699797715
800 431 139309951
238 384 992738831
288 205 658436292
491 559 572155947
374 354 656760666
450 835 520566361
992 337 633165636
25 891 630985638
374 153 190940350
865 906 504584169
318 515 929925549
793 850 606250115
775 402 97657947
461 943 120909630
825 988 267580217
846 879 882227404
160 889 24127286
158 308 532964034
103 155 252012113
414 402 799227508
710 419 787412703
319 126 272778816
96 423 442431848
573 833 47644263
426 955 849509026
613 459 867680736
870 648 852692630
893 223 922683804
105 601 872535332
66 25 398970926
372 551 297408395
295 884 140359285
955 526 998497324
970 274 722133655
108 698 925499956
733 161 629986415
679 417 999568810
326 142 566362047
352 987 933537093
614 570 85788286
109 942 794594886
451 113 627367483
783 55 406452306
511 876 413412155
539 871 618392450
743 753 426799976
49 998 18647170
459 513 496090913
134 656 447577289
375 673 111549815
540 229 26613480
961 270 329582064
131 774 905332521
540 471 956222272
142 413 575895311
225 387 630604907
329 613 999676681
0 878 194040541
172 148 179527855
259 931 223866483
130 302 380885752
551 408 254999098
562 652 236820348
216 803 139347736
743 240 767672807
236 705 526319920
285 522 824723594
555 745 912559884
223 190 479463188
626 236 19981581
518 282 927500239
331 711 240572222
721 257 667020091
24 167 93464306
470 939 598510953
219 387 631681237
763 648 811124581
448 568 702358411
316 607 98100812
561 433 337114552
839 811 312473537
22 644 48185062
667 33 666453562
735 28 626052595
447 281 331280962
552 108 745648178
219 165 576372059
28 616 990209659
788 463 561561697
344 141 871483451
724 418 557677127
350 742 461927030
472 503 707606838
729 726 260432866
313 913 178846297
97 300 639062528
839 502 342405714
574 55 96808984
609 563 436409226
694 890 695305149
58 129 913010450
730 856 175385833
737 569 579277233
193 284 19539975
786 30 858594218
830 339 768444162
462 196 579009494
585 482 719073786
768 313 1111667
255 221 305275805
769 846 166506942
855 317 137845402
81 925 446804989
291 629 284849811
591 322 947165694
588 374 472343958
249 238 521113646
715 616 950480166
254 840 766438799
843 317 526065315
680 240 539300741
150 137 545243174
354 961 371567966
605 823 698312846
218 174 93690694
95 454 649923705
12 703 708199273
949 224 618816235
353 704 666238254
968 161 52405602
293 375 888887921
730 255 416075281
284 135 885221799
797 101 397751495
111 42 257456911
230 628 2203118
292 489 232713421
438 944 945903757
166 163 966870499
44 125 46297365
709 680 142845168
119 723 212863069
141 831 546623624
511 895 123612437
950 874 723270184
623 923 476324132
212 5 907459812
972 785 32362098
412 576 435394100
279 735 735171703
440 566 116527517
728 564 213552769
352 977 364479841
769 464 721920332
589 869 639230620
238 479 895014372
574 348 244160672
61 138 944331326
540 95 76938514
492 344 272436775
712 875 578324429
626 530 855248671
352 665 409424986
656 341 728224287
464 657 95989079
56 510 313494281
477 762 993451656
516 806 190571981
783 364 571604620
329 103 593108853
100 745 301377007
749 169 166007008
681 80 954304483
0 30 505232429
886 477 1753235
668 181 754921719
504 684 764291102
316 229 24467287
758 654 808043473
81 366 222011051
576 825 46233847
31 773 592101889
690 927 498808977
409 590 957542336
86 393 91950269
347 958 959901617
562 232 890422710
366 987 312971594
210 251 621758245
733 668 830631402
493 277 91685462
823 179 305044572
623 698 179938776
780 455 994831223
347 735 424907322
667 842 486619439
850 620 232817504
907 938 394858807
369 623 270471723
914 453 3561216
789 47 564792238
864 274 289199352
929 21 496915082
57 46 368244222
642 777 397472372
939 660 170359653
339 900 975082224
654 739 34584126
573 37 182566219
66 678 493296786
970 498 181629650
474 357 43105277
913 642 932442209
940 815 135236182
498 708 515531833
917 132 844976168
152 206 549006930
472 613 913626607
3 524 332619803
120 604 65735092
355 400 376740989
109 502 719083736
501 326 970213924
73 539 134219368
770 103 238879700
405 35 456692629
739 250 878003132
656 423 64555888
910 111 403374284
935 660 116325295
379 517 343734243
579 299 745844979
920 601 939715747
201 211 400306421
172 140 171920643
606 982 290204628
856 570 174178557
188 789 674931109
69 483 812359444
364 715 979939517
304 416 522221334
400 183 714460393
961 34 221764902
346 966 442081407
409 849 830627769
199 689 228067154
330 978 726032295
754 391 673982447
20 133 438752013
846 424 964601011
350 738 626141784
89 469 802285774
741 690 801876312
608 728 838490102
58 30 331315308
647 743 256598956
745 215 130542328
232 497 423925844
92 330 145923911
839 163 761273534
216 113 267493812
988 102 789480706
229 252 84528880
948 527 451971264
548 620 112408274
144 216 964983120
593 356 701492986
450 36 277847900
705 776 707662182
500 131 223129847
632 44 213009599
814 764 335751070
993 459 308729108
993 676 1461786
19 183 302800598
900 113 599755052
626 148 92751295
479 344 402012873
964 952 436264987
123 225 137884804
752 213 477584903
498 965 970196376
772 133 647171203
640 843 166795848
555 316 476296450
63 967 510135825
467 17 861772781
482 142 439069561
687 748 580036479
317 349 369641536
669 705 996476129
611 336 209892533
299 560 917544753
21 180 47522995
549 872 418202124
107 804 227252
615 216 23709608
261 316 726813867
123 541 129952704
282 665 275495515
106 924 299668843
785 630 131666063
799 291 449408109
956 964 241324970
717 340 195640820
211 752 515539568
563 97 283670056
144 860 913102060
350 56 475862618
738 601 13797976
850 242 91607188
958 459 520680660
456 630 344544744
839 685 704729173
17 767 486413384
398 414 898967076
847 261 870841848
700 333 489597539
646 423 836356753
686 271 353269978
734 208 958573663
423 4 823816244
827 482 118914415
968 86 347447975
788 596 219641
68 116 805339455
150 579 694303201
412 110 502164732
901 826 429767836
88 882 638392536
212 489 10606952
929 71 844018860
741 907 99266641
507 614 958282508
913 905 324864349
864 256 260262008
181 549 706239800
810 661 13209432
377 752 946392388
335 417 266718720
631 82 858869172
890 805 305911429
225 288 172747899
590 479 396973258
835 578 965263028
393 429 144500538
225 48 42605382
697 137 672033842
361 603 767796087
501 57 971899222
643 305 730305160
193 735 186657266
960 234 285006893
694 490 228680998
478 213 60160633
255 559 807689476
268 41 978747683
330 71 859147489
410 717 145693556
448 757 155351960
213 583 761001379
75 444 738241263
862 688 458292031
990 67 539289515
638 766 114037788
551 672 551914455
172 531 935076870
480 272 119533621
609 714 290739129
313 366 388854953
756 46 916824815
658 93 707929607
466 694 880864023
255 401 336362011
235 81 988344526
474 356 497832910
720 985 696930596
19 599 224259306
273 477 792543091
422 424 68010617
341 761 678102064
875 620 938722524
9 793 836152254
265 133 711855511
318 658 589724092
348 204 975398091
693 204 707205017
472 721 811481383
673 777 63024006
553 926 99116573
137 598 121613193
103 506 915576309
536 593 507584357
348 500 656350444
537 979 219580203
923 5 798086640
209 367 92637202
90 882 39620945
877 463 634625506
765 813 419021597
417 400 33916131
853 985 170000092
262 72 588489444
154 69 234050035
713 591 268546724
118 249 782021166
533 812 277398466
103 948 954405195
691 91 987860770
216 705 117615954
468 304 380645947
793 43 6447114
18 805 802082122
901 478 886035464
870 313 700884015
590 127 503747936
845 689 444208207
791 671 138815606
645 150 760016269
982 768 800476207
194 474 721950463
803 20 64176051
280 145 520575645
830 930 999448383
294 981 52020436
821 512 628559634
528 615 920845195
545 512 969919324
765 363 210914555
635 607 427377859
100 424 400017927
113 384 739046766
593 659 602965580
546 770 101047640
383 494 397042760
499 993 988663516
326 234 600778889
460 175 15356658
742 640 299035618
604 50 27451431
213 410 167959100
101 802 653120392
594 591 227440369
216 756 459550884
341 237 561613205
148 676 30956165
863 566 219613641
884 471 444856853
526 978 473324397
351 152 715938028
604 725 364772708
197 381 738090511
194 556 640378283
357 961 850217659
91 590 251232837
545 913 281626805
420 171 334637494
40 582 242494079
454 786 241316096
826 35 356583129
739 685 518322952
49 685 354243956
522 250 907774752
394 138 182055501
679 794 789521750
228 996 809294910
136 752 84786186
948 379 896239883
636 952 638302025
264 804 924490708
165 466 866092149
344 394 473909185
518 236 484375838
263 556 495498916
164 862 33535151
666 374 657056552
931 128 559487760
470 603 194904785
637 785 62005655
524 48 452594068
536 655 933419592
406 51 72121935
290 811 38426284
326 416 686103693
73 991 474942960
246 127 624879771
124 457 904190288
883 644 63279345
541 391 984683359
144 704 888123007
233 741 30284899
245 948 269497417
799 109 539959762
330 472 183859882
255 909 792115835
634 353 482817448
71 533 815484011
700 680 419193415
667 741 454890576
735 530 814577907
450 27 231580818
917 768 820281945
628 545 602591055
91 655 172770047
278 985 662054207
389 466 16717273
344 772 132503670
506 803 257933135
359 49 629959050
246 345 557999222
738 993 977769588
131 683 939058457
472 340 92370524
976 184 287263917
335 467 163526155
990 447 298511365
690 972 60556564
561 143 534805167
835 572 790574339
699 160 112230265
761 985 3236803
660 428 983177565
394 86 630603086
355 915 61124620
340 241 267893095
502 509 885805465
632 580 492965614
861 344 304661542
915 644 212646300
596 194 672318555
634 29 237042185
572 828 436920289
290 882 391183847
144 45 181720074
3 546 724642779
628 249 759170633
455 741 48557342
660 664 732886914
180 64 722235680
941 1000 42781858
388 990 397585513
960 289 74600993
527 475 472543799
754 354 816604684
751 282 939233495
306 200 638347290
397 236 278393881
398 824 542564465
892 607 377296307
675 666 269182685
411 989 729382931
44 573 677129500
234 854 955225011
33 93 713689610
649 425 155433750
680 753 145578341
972 438 332079023
880 990 463782615
778 696 570474701
387 70 995357113
918 966 775536759
972 27 266525389
918 1000 412923884
61 244 131203577
792 267 133444874
705 995 20735764
176 449 970717357
188 388 486697244
271 764 982881489
544 520 261015996
512 156 168394788
110 669 951576119
952 664 105348201
904 277 966432610
232 728 338295212
872 255 117151844
982 515 279947065
753 135 247744544
115 890 719341953
201 939 37803295
139 926 841709469
363 477 229658674
399 864 868694934
638 0 336446264
848 712 130338262
726 685 320500215
925 293 943016896
862 650 123482389
349 981 36786162
611 132 562618506
835 413 277791515
737 344 364036249
305 802 525241083
356 606 97012469
547 292 138471817
207 65 569788523
636 282 427080301
41 364 250866396
69 990 240271646
289 702 149396927
859 591 825377762
165 5 189653152
774 512 237363739
490 10 144849004
623 592 975499830
281 641 12815395
746 976 699866935
396 489 99487530
161 857 633623976
988 439 278783783
692 561 471973592
12 144 240101485
804 357 704037766
244 836 865745778
12 981 568245775
100 854 10872981
295 267 570598810
700 943 370325130
569 963 24646640
402 969 692088105
272 864 626990537
860 228 767427962
628 679 71951071
476 310 315294230
698 359 334358089
28 837 584947630
5 387 65853881
618 920 482609398
98 663 647540570
688 149 507858269
819 239 415125378
902 460 54925711
398 298 609994995
630 152 801044226
681 85 256212257
360 556 701643998
187 674 513665325
538 100 48644310
681 914 679831206
301 103 124677923
967 424 825499499
495 879 850085278
878 836 305482654
436 844 444904663
207 123 205639227
826 466 348860704
472 924 536513220
324 465 578110667
896 992 762362444
856 210 40677314
186 557 370133123
300 34 193842201
476 901 200443696
287 65 730207358
476 783 953147663
278 300 446091316
555 132 360067106
515 146 70579883
656 179 325801084
600 525 609753378
18 968 401797168
744 40 62325754
805 659 415751354
216 751 777147721
187 34 835805334
76 815 994970848
604 867 988534608
447 156 179668722
62 270 516896727
738 363 897152630
977 812 58847644
677 490 332574761
755 628 931318832
76 679 396228536
904 729 220932713
269 775 528499391
11 765 495378859
13 414 658487885
158 837 558886935
164 137 112200985
384 324 811706878
738 388 946396002
244 597 284786692
286 315 938622328
351 289 650135765
109 545 813919275
169 984 276968044
987 650 638887442
559 139 175617843
628 804 978673934
486 963 318993830
651 346 668913091
336 543 345202085
79 711 653034244
539 923 452546749
961 866 921546241
174 990 83699585
732 685 483305550
969 153 682788044
596 700 914853189
612 374 163820752
8 992 988063403
935 570 129960635
17 415 920949905
688 139 71971003
954 764 988146969
652 736 74893743
340 443 994151712
861 834 168139849
67 182 809862130
283 813 513656346
529 419 202395027
474 912 230255324
365 624 653379292
361 832 831114850
821 356 413919222
37 680 488914560
473 494 32479853
811 343 218745211
153 246 605957419
557 1 318882415
423 633 910809333
283 295 149173475
280 243 39717606
260 318 511442519
589 249 74421602
841 892 483406108
652 457 737636768
828 916 702468157
360 976 872177633
127 722 641510718
529 588 505426907
902 516 130151708
357 676 414865799
945 521 686440008
850 564 554498140
737 91 183920224
228 354 25478694
169 34 194846355
249 691 375755855
172 288 542950158
296 637 377908338
93 858 574499759
503 595 146511971
880 972 625905925
638 253 718929005
796 835 934237529
271 602 216569365
677 767 556751433
839 946 26238201
940 744 217444145
434 237 553367587
618 644 438930973
368 871 317454931
742 414 849431786
635 163 636030966
453 615 935130140
613 727 170300829
514 408 591511452
147 857 329696981
79 857 246732890
540 698 895517945
700 796 383004684
386 318 618724658
846 913 55184918
373 658 368552125
620 899 11119676
217 208 685446605
3 929 420465939
714 516 569499357
475 924 151187165
871 456 499720116
171 821 39733396
94 205 464293194
938 694 419745876
230 156 914598557
339 636 58568216
889 941 595748106
89 581 78761802
107 150 261037835
608 126 32585955
349 331 986888994
520 174 96675227
583 739 742004140
191 334 307137777
226 783 207108754
762 783 416590671
350 666 147404581
805 745 95269945
523 879 759951328
6 372 251419028
374 889 862554910
905 685 54598115
526 837 890955107
612 169 477731752
205 748 387542401
32 862 934733256
925 799 971927698
215 547 595398672
281 91 175688157
381 158 212164387
728 308 684894110
839 733 747561986
793 606 453842707
362 681 244632846
404 358 342998591
148 530 167307886
400 226 547297715
343 258 232294868
373 412 716880698
250 544 44036901
902 612 543964286
500 145 849373023
55 7 63491497
889 948 688433635
529 981 22290750
888 796 170772267
89 568 137854255
714 812 262192911
300 89 847836493
922 730 636159293
357 842 490868433
957 381 666115734
408 877 646723256
617 853 674464428
190 962 269988117
145 820 937568656
211 805 545750609
942 998 58232762
145 588 939255602
510 495 100691389
674 543 900911925
212 139 243981860
396 898 397431687
241 970 575725958
113 908 942511209
5 810 789268551
478 328 534029107
161 606 241825267
627 283 919344166
941 27 387396961
584 170 966991145
997 127 829099677
200 718 983208660
733 656 82271495
488 736 184690104
99 820 141778141
449 254 451519621
364 632 522440583
51 264 29511324
892 60 266781394
42 500 172694917
152 676 885992496
223 191 465477589
549 69 502480254
582 702 151931806
148 21 431360837
560 687 776141242
708 829 884513708
874 543 440320339
1000 78 65216289
797 895 942801522
159 985 32165539
942 388 105062087
757 883 202685090
278 301 926602742
868 707 24826214
791 63 799962079
152 724 797897365
464 641 85484885
274 865 989812484
412 521 289380385
628 97 110539685
668 245 77369282
203 889 830866056
188 960 897337478
291 668 899016142
328 169 742041119
682 215 952432591
461 580 130585290
777 42 949137651
145 435 323242469
700 401 39175975
397 428 748872815
809 805 117728109
990 604 247780417
850 54 653554194
87 110 943547732
93 737 535438923
934 61 455707858
715 365 65453399
457 498 409197550
218 12 498356055
629 778 350130086
502 629 313709010
654 49 225551932
236 715 718907676
223 197 198754025
556 163 702302462
862 128 414560969
332 11 672666937
589 496 369406856
10 888 619517657
704 726 475616652
278 304 419009589
296 761 129820415
393 318 855582407
817 940 874935695
44 323 957836270
824 380 266326916
196 771 79284657
870 77 730714377
397 787 158756435
502 407 883843600
305 482 981837671
440 148 173677578
77 873 754832599
164 786 260503066
140 465 530847592
107 408 910522623
615 114 913628909
164 236 959982175
177 772 200835415
375 1000 340123304
46 999 36962737
951 306 710956196
376 218 359022139
151 130 218103411
564 573 988112670
798 755 83963648
195 639 885808909
142 786 580670057
500 905 106983504
175 481 324763036
757 465 271029645
940 694 932851967
482 158 269670332
395 269 892294843
166 23 286556434
268 212 791358363
624 339 885086427
910 312 236925368
867 466 176441435
380 99 291453366
169 856 73785677
780 999 434699517
413 198 581947639
461 850 481493896
190 444 354060151
379 474 514301953
437 378 651228483
922 458 812962195
228 277 310772839
802 904 346442767
987 539 107354092
630 54 190219927
51 520 186937608
80 172 872043574
116 220 257907515
903 345 120018375
736 814 204355353
594 61 230039428
788 402 212600651
120 859 941447438
340 224 811101428
269 980 958780460
131 126 648989208
982 7 183539331
800 562 16992300
342 360 718457491
118 961 678166450
123 226 135376284
726 927 954414434
14 989 228816583
779 555 395999015
411 170 521383400
572 503 314120845
331 684 727982022
683 662 551893056
317 552 376457266
40 523 114442735
816 517 784018725
391 303 15398902
86 193 105488274
33 415 796639354
894 383 829595769
999 413 15814138
774 232 614238571
64 743 98834936
205 520 816217353
988 86 204731773
905 698 980197793
553 357 57620644
241 950 140359737
771 178 905246368
770 307 564641994
551 243 10463886
456 97 493675424
825 436 753494755
253 569 527311318
264 263 761866091
801 605 372794442
395 842 619198874
22 676 575364839
929 782 845828221
779 173 515576793
