2624
364 390 88632346
647 29 608280522
680 613 952154343
429 655 290200644
503 304 564928724
242 492 2244915
780 113 868720202
18 683 951813993
196 422 246555627
728 799 846089013
686 194 83179424
510 40 950141411
935 391 445893796
479 57 25298635
592 596 207401943
309 784 407521216
284 406 123624386
255 129 923521854
449 233 264900305
478 222 491915710
173 144 26602411
589 17 409727966
884 400 724181682
816 99 110305150
929 172 673684460
143 493 385675026
63 789 9874824
178 728 441610805
534 701 491246037
689 824 646789567
19 313 535559226
819 248 334224
244 928 929627529
302 523 383243174
209 915 172998821
716 914 210647353
729 982 480533293
141 773 598075789
883 496 970081422
620 571 242568321
692 439 468964590
706 576 776726881
693 370 415936700
657 783 667246481
799 979 980421891
742 524 833755478
945 961 540476533
206 228 17755418
29 884 698198143
906 324 714240253
819 745 409802601
606 26 878198294
48 251 178955627
151 761 616967817
292 531 36431117
966 835 701103815
677 794 561253013
797 349 203248659
92 956 394904543
555 150 433831219
257 233 621132797
75 795 156636419
932 275 946041911
454 299 620590590
149 448 107789437
480 436 428478547
271 516 793910028
679 986 882072510
890 624 441724965
974 402 370671355
719 304 759205027
659 42 670543346
570 464 476087371
538 624 114789224
920 93 713700846
884 404 356784927
870 385 786131671
378 562 256679572
275 543 261806873
245 330 787413558
210 790 791627457
323 853 549863998
858 587 49853488
799 580 673410733
362 894 135656237
415 329 992076777
825 294 631761778
737 500 768335852
425 373 291693112
751 474 24917329
426 366 941462586
573 862 551279773
807 503 696644059
860 494 410737659
833 441 259429600
9 407 402661174
733 194 370562313
604 861 787510746
870 734 838671832
780 141 834407317
64 485 696455355
318 397 913098517
606 631 699650402
593 112 511862198
295 418 496499033
771 253 233893843
768 594 743711307
296 340 281054096
17 313 746752261
504 664 113082375
458 223 25346077
739 513 527450520
426 112 251233706
181 760 559685038
396 393 596268168
365 957 622251091
65 314 636724359
30 586 119059586
650 791 407785438
707 238 38428785
643 378 199685617
619 463 319375430
927 728 997366090
913 805 941699584
35 721 793595985
168 347 881469118
329 628 664275877
381 376 128899781
71 170 713144154
383 394 770569147
811 89 492276618
298 350 92837346
51 116 997875066
953 49 276428024
608 544 27171973
19 174 89533056
651 63 580834979
656 460 605319552
115 912 937789191
207 123 114069112
363 542 380452784
473 234 265415147
550 570 111983173
679 639 440873508
529 682 690789701
545 854 817403696
281 353 851482308
42 218 108028454
266 596 67452365
837 453 696582652
256 36 452325590
81 603 567034191
750 741 135197510
150 36 280346190
691 8 288011808
498 145 940772356
167 877 993874769
886 190 910707579
532 123 744079500
310 153 803921804
778 90 620754396
834 958 300093332
345 392 458200918
477 431 250667170
113 190 714433774
322 722 499291696
527 840 574922855
347 445 811032361
725 918 363631007
720 29 864450272
564 164 398368290
649 387 656369509
864 453 780793897
467 527 606343499
840 84 156232642
923 834 740691644
859 540 30370851
381 162 882410528
209 106 275117981
860 172 88304879
656 980 771623109
864 16 254448139
510 750 275964395
656 856 346965128
539 807 726118090
634 475 339982262
961 747 403016142
929 424 329269728
438 111 915538425
584 134 633825389
979 855 884140998
293 591 118215045
385 524 282328391
638 626 777307786
573 309 976181923
85 594 332926257
126 530 203296260
224 130 131089948
99 357 986806034
103 295 515521679
332 388 286354620
851 490 62566319
510 812 895305272
94 144 506131430
225 905 535049440
964 898 88287703
846 755 544914674
142 445 322038832
949 782 696409604
838 615 933659897
84 575 345185745
810 978 75696040
222 860 891845418
751 334 887242264
113 979 327040842
47 103 384760672
660 555 268254655
313 747 849380666
216 419 848680410
407 860 451721572
907 42 716324086
440 394 813661872
234 405 833635015
992 75 438914547
381 799 959768473
21 81 14212471
446 811 264088242
420 609 240336620
49 939 814999344
351 962 275615148
507 84 185307369
586 851 350571416
312 153 972800740
118 125 801491985
740 523 86120876
771 518 270493777
719 634 730234728
862 237 84905554
247 903 956292070
39 797 219639988
558 52 718012063
672 665 834417280
215 233 30028626
342 266 8641277
658 533 626684764
617 978 741396107
655 665 350435207
618 486 97045788
731 938 655688066
812 634 122360676
78 322 995986336
239 407 782043829
737 371 774054287
837 432 55203827
114 73 400727548
930 355 611295358
307 486 761631542
690 960 242711467
909 998 976066312
625 388 276947442
47 790 323544534
505 889 477679455
639 734 386105191
490 727 549056798
721 305 481953742
637 837 518543361
561 768 182417639
159 18 456622373
655 526 291215089
928 129 567699455
839 130 225468974
548 441 936080465
204 149 524376172
251 822 824907833
259 494 322446508
551 251 642486087
546 32 947629877
195 964 801340558
46 435 890010599
291 929 528392378
915 143 326309198
325 413 355476093
871 826 154147291
505 647 896720952
836 474 842631537
199 469 71975538
670 386 932345112
133 917 134146835
886 265 653792080
979 888 821253750
760 74 609839865
128 15 250643253
61 239 240053243
326 81 336252353
82 486 666951413
717 253 470096201
552 528 353037570
244 794 322844814
152 632 649433187
729 730 293567963
939 654 682098130
138 218 567787944
158 981 614366167
763 414 440231980
902 164 203132773
748 542 649265077
652 329 579826357
16 408 181851841
227 789 96309944
94 245 382831787
998 485 900565432
963 434 228543517
753 440 922271160
880 226 567567232
981 320 312878436
435 690 96659660
25 52 435500705
589 387 141646120
389 103 200449927
653 409 93027404
261 991 305354745
766 896 663994886
195 495 129066378
815 607 278930258
968 978 879005401
815 182 360389733
639 63 475264073
687 912 216494599
662 618 26637571
421 539 903160810
372 461 776281010
962 221 309103855
676 147 154065268
558 807 581582136
708 746 678371619
475 450 153862555
888 19 368822615
360 81 454909856
517 434 921235821
262 583 172766736
688 811 627153382
669 566 603137860
857 392 143525055
460 885 875722127
736 279 74191099
600 114 370380631
269 516 314044010
593 982 169182797
396 377 493276361
922 920 172351849
270 137 729769622
130 833 63683342
888 322 431059346
850 407 622497262
233 541 94312835
681 884 362302077
536 357 271983621
562 674 137680954
498 561 70587658
549 59 201511838
745 784 867449206
420 556 416411510
476 58 542392591
37 436 721701701
697 218 808353671
444 365 444239299
110 26 194046895
698 745 995357909
421 490 425563149
987 770 57302868
499 271 159102091
931 686 461127745
956 509 140535460
505 610 711918611
169 424 231947226
405 364 573269108
789 383 987767956
423 127 357461115
618 831 867618807
722 123 156640702
330 265 66512220
258 895 984111920
59 631 863240110
768 52 923902864
305 270 177894592
637 652 346171856
777 374 595960712
146 201 531360617
136 385 66615368
730 329 540645654
879 690 381595461
232 523 151302571
30 259 490172561
119 921 567675116
402 304 993579407
280 804 160893575
854 32 300593140
511 87 439583243
398 383 641463488
890 268 746336102
192 892 703188789
226 400 785653206
684 930 716872915
478 135 125854951
27 100 531204411
88 14 92249561
660 821 504943785
625 545 684739009
373 257 254155289
389 75 983412283
887 525 959962725
543 994 233468118
925 88 440318421
591 266 899154536
295 109 578320187
911 541 883121848
367 695 929834147
733 408 221342998
125 689 120160548
705 85 446980822
821 145 313130224
924 511 140585719
877 403 931430414
344 572 902800323
237 812 67713092
406 733 771233007
945 711 84908094
804 487 675499659
110 730 864272540
71 755 987642145
556 878 351464109
389 845 749550106
578 35 811376605
972 260 688358303
469 669 731855357
281 643 566944479
605 221 159696407
121 635 897622227
913 914 784942633
486 154 499685885
916 637 425316963
405 401 745840822
902 198 253234869
629 934 422936840
372 657 403412001
390 644 604590425
0 440 37811573
301 457 69732591
541 708 166290446
685 441 20494949
551 698 975470437
687 908 900059122
918 513 992427743
580 307 795243663
715 140 142850218
560 840 939627090
392 111 899136371
886 652 64264817
634 272 373568193
321 355 490085803
287 912 420436740
428 601 247883164
419 924 827954740
123 754 844935479
515 993 170849295
877 546 406134712
296 771 246320432
346 63 184845381
457 428 322795973
304 107 166602594
379 270 709208281
646 741 9069103
576 465 266649062
798 307 235723913
604 416 799766078
267 305 186507345
37 230 696880290
128 71 278229892
799 802 145651961
341 773 263863961
540 644 509748610
191 327 313423748
653 564 531272511
609 748 174976652
152 636 147696586
622 691 410284892
770 625 10759849
536 209 260143816
605 71 356220505
802 974 770910947
964 655 247489977
306 677 502530193
979 238 835789098
666 610 145624555
771 562 846774103
779 361 936283552
663 391 227446400
301 118 823392483
733 458 582283212
994 350 736195707
187 354 241331176
955 771 456424565
271 482 871268148
741 770 227811770
608 796 38237694
508 233 43042055
448 497 255191275
284 362 907566395
744 297 753216981
115 871 356896935
903 365 963443873
417 474 965775726
344 478 9356948
237 480 587576362
352 82 7029881
652 518 542734698
463 671 705466804
590 558 826899475
369 478 287141763
552 748 563272075
886 833 490886964
459 75 902747251
590 280 595861400
244 870 85384360
302 442 593747088
348 590 144917775
852 349 60022175
474 225 257743043
62 507 218271950
547 358 676048416
199 34 358462724
422 841 403444683
450 507 387380984
667 808 716115293
519 512 116171976
487 700 141230603
366 151 63567679
818 375 75974812
190 75 28194933
672 776 639519627
441 809 461696338
859 476 782347784
822 32 870886968
855 267 997789523
123 233 92895754
65 143 386005522
390 23 330288538
130 460 487827943
574 237 924989055
650 164 6544294
240 402 919415511
317 200 145778815
279 228 258523720
575 319 22036482
311 78 125566326
154 926 756839445
184 650 879532373
752 925 553116006
134 638 327213208
640 791 12899490
190 309 383027337
967 267 224559420
111 251 544497585
271 891 324777861
884 784 455769786
569 768 196713327
577 550 24054883
846 806 149449290
537 223 764639209
483 168 281572968
188 872 437232182
163 699 298713054
191 934 146222520
542 488 571388534
805 686 701551898
427 276 884361973
286 989 380005876
847 672 958938610
985 538 6164975
573 961 766664746
342 357 372181384
698 952 367143221
58 625 420918972
687 83 141749369
245 266 763569952
67 613 293628794
168 871 980176503
992 156 77120290
821 71 558987612
75 918 289409973
567 442 644758745
865 277 580673834
16 218 754156508
517 771 668481467
115 264 277583871
0 466 247449703
905 925 972656176
789 753 510155920
481 136 969004187
523 71 975930507
635 949 350057416
124 267 744134269
847 356 713875180
126 404 168704403
844 982 766930132
513 421 212162122
886 930 150436962
633 465 144896784
56 976 24408657
442 299 748503647
345 952 899335493
629 768 317307887
654 611 892953627
152 958 32031123
379 699 306328628
130 197 168440753
933 670 868439786
834 467 135562822
366 259 178828972
678 404 899228837
905 319 258894678
495 69 279772989
818 197 785246644
710 629 301393249
251 782 727349153
743 534 422919264
387 900 173648861
497 439 630179230
690 803 722381350
452 854 810977685
660 410 612528770
440 323 372033747
741 368 838497107
549 290 976392491
978 276 715511275
635 863 350507891
869 383 734294245
342 360 108424190
461 629 324884041
396 763 332507810
575 327 700795329
666 576 828971811
472 418 236348187
920 905 463260072
252 969 123247419
413 404 699104088
642 13 970130944
342 225 678681374
455 285 799229881
803 10 210356190
599 79 251494827
134 904 595518171
257 831 288338710
910 22 195803495
560 966 751773559
161 628 75386136
320 951 275162383
918 542 139418564
324 901 690197429
574 97 171834200
430 218 301122045
987 125 17415606
470 778 711526577
137 962 243005174
917 357 85366676
606 527 174398406
341 943 780884813
209 401 170842647
580 502 908165016
151 525 167904378
548 918 49626712
717 138 30737187
102 342 771625412
898 189 672210273
91 131 255058462
954 621 451948459
385 356 404036023
568 658 164592061
630 70 566830666
996 626 206260975
645 600 880055371
520 581 605069337
57 528 155615086
634 836 669587414
969 969 952558699
243 606 179000941
266 309 403346799
693 674 973460659
633 70 34251820
150 350 910520598
892 265 200792891
539 367 741637140
537 619 686922858
254 70 399945441
852 400 431452434
551 741 113893654
738 972 548714640
369 897 722708099
737 962 509868452
325 220 194252305
214 309 443426453
634 62 608183266
413 906 640414201
136 397 762346718
849 556 684845302
762 21 348895994
772 754 115537168
79 816 726142621
564 718 436604804
451 623 899549051
92 657 580598784
763 110 142031138
540 932 844012858
244 563 809554062
359 688 833953256
706 595 450621701
161 223 887634470
399 714 540113197
266 507 803655541
839 447 393517043
848 226 869680589
703 511 648278537
892 897 779783149
340 24 258022132
560 423 19272161
628 817 833329589
19 317 646370085
495 317 733734362
303 461 633492391
730 1000 906797474
373 108 944543137
593 790 342833648
136 884 851281565
543 61 909870501
695 557 161659481
695 573 602704942
716 273 134398080
736 942 250136826
574 931 471790755
993 297 803716383
332 863 9448157
540 51 881502995
189 650 125287037
589 65 769811495
703 856 164435154
502 937 62152442
313 264 864631498
228 676 779897610
566 40 329145971
800 554 193189181
380 877 40264891
637 181 633124198
162 74 443100440
202 846 415706966
398 213 803038910
731 341 165032503
760 468 477380
120 159 41827207
27 21 950732426
569 467 410954386
195 466 270974619
189 731 590538410
666 481 333403534
424 238 97346324
525 946 291090241
755 706 370489472
885 943 866074615
371 853 967439704
857 827 903103922
604 264 914452886
806 653 294664371
533 944 278541092
615 52 591869666
266 227 216511582
135 861 579913796
586 911 195604108
205 220 87023356
483 533 598638295
420 106 218903203
843 941 919336729
984 683 269336748
157 681 629443429
90 199 733844333
808 580 344847769
914 677 706429117
985 878 190595696
578 379 52937401
672 903 140023116
926 913 64194478
37 822 8777010
528 207 176747669
546 951 841097699
342 493 419771805
373 493 221106861
680 382 91662049
148 161 72762380
945 66 808786961
891 48 702306980
260 309 360039703
571 126 745557932
233 649 737402953
936 518 501771263
609 883 940994979
414 262 137265078
707 607 682139057
948 747 975996580
194 889 825412310
96 426 573343103
365 209 21326808
867 221 544564507
192 958 814017133
917 824 348655887
24 203 634825984
542 548 293063212
647 510 673492406
931 951 454660256
868 28 7248749
65 269 352183311
632 351 43939753
786 693 540960019
921 3 623540749
427 122 586542755
360 741 854941548
736 287 904956664
724 406 148587989
978 787 896673920
790 617 410217181
867 433 989271239
763 366 507284202
329 438 884901376
691 979 469256207
891 71 906839138
614 659 622377728
797 562 320623353
234 620 306262601
342 761 182950953
334 813 594323820
101 249 757809
285 535 240078435
893 105 777972797
283 562 106272430
638 180 880729344
128 682 560751105
845 160 550595056
801 895 838279352
996 169 289088994
53 373 175382577
943 185 973748138
233 221 576178378
863 999 102634586
872 566 740432940
846 590 281911182
62 806 203819964
856 849 291997572
149 185 588659578
324 188 88247825
891 255 744747036
402 225 423701936
130 452 656106320
963 618 935876011
783 187 208273786
129 891 980567336
340 12 956617379
481 108 351531166
175 354 602428054
442 593 67350210
155 953 914836797
962 408 141500965
953 784 256256062
788 758 277689915
52 531 603247128
480 222 329856150
637 8 969778815
751 933 517108641
537 6 232173618
985 575 846057222
876 444 144238981
134 939 495969668
796 246 161990576
824 204 631546561
342 532 789536516
72 498 100355034
420 884 593611463
652 702 775049466
160 964 508494596
343 425 812013013
460 262 175858639
553 387 819010456
830 115 684325840
176 157 957442617
625 493 114189059
147 139 717679309
816 329 277906370
8 365 126846171
88 131 579201886
558 758 780554110
201 964 10219267
227 316 750221483
125 726 837813308
566 619 806375944
196 389 289381029
385 652 709377586
298 588 247029093
875 272 92396844
938 759 135921821
301 395 330732223
78 469 403657335
982 654 145794614
41 592 70562701
150 754 261734682
377 500 118334492
643 489 182523162
259 513 605269737
874 91 937431896
754 777 637263769
835 92 97705625
922 573 196771464
743 148 201553761
501 469 710216151
949 162 184985498
677 61 595520358
917 773 717258024
155 870 130161976
914 119 165363176
921 629 296690195
623 220 868430730
924 805 173358600
850 630 346414247
318 853 617310061
22 867 905705630
72 666 601928606
757 200 605670063
865 311 83432763
771 143 212403129
400 111 235872538
519 179 341055074
299 904 941330993
977 58 217433829
547 102 487221688
271 603 540546682
773 816 364600777
421 649 552655418
493 454 22496028
486 676 672057017
486 317 677341295
452 836 748842360
158 378 402783278
695 955 610010996
67 995 858411399
52 284 826282112
88 285 758482805
544 73 567476231
179 791 688110939
939 375 836221817
663 426 513805106
72 482 357644833
74 546 281168395
716 262 939318453
331 213 498852469
448 635 885120594
219 340 845792827
803 961 797100024
533 982 124796086
785 289 267825897
169 845 668731456
914 810 378695631
820 957 211703310
564 581 774431091
276 905 916975819
646 853 431159257
441 876 867596316
323 868 165701423
407 508 428559156
102 663 876041599
162 538 979320221
221 245 257698621
951 997 82600136
330 34 244872187
367 870 825246994
415 792 618519074
636 625 735082750
323 486 295725242
317 211 215928052
253 243 388823213
922 869 885725456
978 861 878767120
698 318 435556404
490 967 628819235
665 582 427826250
36 36 623753507
980 661 973779297
739 690 192942812
522 761 157735370
72 89 624334139
391 934 856195314
801 674 450539569
591 450 117397878
783 672 902952283
450 318 861776383
63 291 358969789
332 192 38039884
3 924 992191474
626 507 365315411
651 575 821308265
115 993 140066358
288 247 660583374
8 910 269683204
516 645 360097100
534 667 412561256
426 303 634010543
880 953 656278298
512 331 72927158
977 899 165395196
367 676 870557881
235 415 415975238
569 984 489359342
551 451 872425975
813 578 766672901
125 128 523511222
799 297 713854335
270 775 700171940
398 475 351151834
452 923 964351579
934 193 275692429
792 753 193608663
728 689 290588879
435 549 913986421
778 408 594138678
703 263 318427253
737 945 962178874
338 208 690924798
54 552 199270465
271 644 117454402
992 624 843518970
679 711 223796403
579 884 11719805
168 502 736745778
922 986 956535642
813 870 402371959
135 640 174711969
43 213 192118860
843 380 313217350
775 678 582743017
778 192 379167188
658 343 978841083
936 650 480298007
162 702 29544188
854 114 630017297
424 282 530485937
193 538 41691566
391 988 61820183
635 101 238488632
533 440 754340770
318 853 499986781
252 108 577060238
643 103 255119527
407 559 278596006
852 759 273932295
433 126 648122132
990 296 762313414
29 660 877861713
868 821 584262274
381 295 580758903
93 366 585686950
579 795 822398767
488 502 201282636
684 414 105938297
481 910 718384943
397 872 231052354
42 307 768522911
639 436 522528738
159 740 301362723
760 573 807469408
460 816 597579364
179 584 127590287
743 714 652674427
369 734 144382658
73 960 421285288
561 862 407232308
538 533 161746770
720 44 563336415
748 543 744808557
306 312 206496606
863 521 558738128
389 708 514732001
516 572 212799839
455 763 722032497
294 294 831471034
48 26 593478729
407 809 282347080
751 670 218960759
82 107 832563841
852 741 952339574
156 280 501493334
168 716 707987967
717 812 621207542
650 176 156934785
509 153 812207446
429 163 996920197
100 903 851417274
873 928 777921593
332 821 771173863
694 701 239092902
237 675 156538512
381 441 828611722
8 443 815484299
583 81 35515901
121 442 954729287
976 885 646779118
563 254 945339108
804 204 196964319
407 280 63233495
693 25 594474980
486 409 711533128
7 714 50063012
919 882 600600369
451 574 546832058
125 574 750419388
955 2 529861890
460 224 670446898
351 288 287550818
992 864 252810423
391 271 876995553
509 388 980258071
250 865 917374091
877 452 828958026
5 892 534032999
561 537 900212646
224 366 111558872
777 427 431737279
126 46 629814086
50 50 793299473
764 761 29281501
866 606 671633942
156 490 898199720
34 654 144911797
310 58 885892693
551 690 946273586
186 164 287811339
738 367 731040659
839 524 535751633
146 208 127303807
299 365 373901485
695 137 115677899
506 640 601458957
327 374 78279015
395 624 244666895
747 67 561705083
119 661 856156452
250 457 585276384
85 800 113878791
28 671 463634488
996 410 107169324
601 101 614549092
458 298 147763954
25 284 344279931
971 259 993160671
506 402 846756013
44 69 841874878
393 825 212988077
494 971 202279456
423 448 128055435
379 659 494414082
942 420 382339660
328 881 926949149
892 543 685701057
784 573 832718865
614 699 92353688
856 8 105974248
927 568 259518005
216 793 794664139
445 59 521753924
355 939 60973764
995 957 311367349
820 871 957797430
985 423 689975816
733 728 437794947
820 659 484049380
29 797 20319853
681 33 733408999
762 563 515085299
930 760 759662720
845 516 151685813
570 175 192967264
624 504 613004178
438 807 217089168
433 280 909108067
573 61 505293385
48 872 818634682
59 525 499661575
640 126 63211422
706 578 899601976
104 667 72819880
675 317 219127763
605 43 948472781
35 469 106243214
479 657 43244209
504 792 470529284
61 994 586924779
450 201 8042293
149 843 17701557
861 740 602485385
49 697 740944477
791 130 950879410
178 436 73829486
794 375 475946886
775 427 444672047
592 543 432706822
172 236 907111891
146 138 710471693
477 878 223861912
876 530 486059061
288 998 133778475
83 489 770657390
11 92 835764676
740 359 949644214
348 854 861458672
101 885 296462563
903 274 579660403
685 389 455081588
740 826 49608781
198 629 586440894
594 909 583990941
559 438 516347110
635 944 169490214
28 447 956462808
129 219 44032402
76 564 152690316
63 541 426018201
480 28 145564834
517 1 63542398
696 65 329879604
891 682 729388699
902 458 208345683
417 326 715981314
160 531 257428854
730 10 217848070
370 773 738752357
632 564 951429033
626 209 368591955
849 262 919685577
944 210 573846509
681 698 167319316
617 599 103725763
559 188 795569039
63 749 183721898
563 256 362726614
278 973 569161858
189 950 787194531
1000 338 129864154
848 581 110470463
221 832 635888145
454 42 691200636
669 407 102366761
469 712 255653464
101 113 258959619
706 189 114664727
588 502 665699824
942 429 431530112
413 544 221434582
101 0 322301009
650 511 159498371
61 810 142200695
802 101 561745984
961 694 551941880
929 565 719925412
506 208 900594776
338 826 933745301
772 476 328347168
294 905 563910593
974 407 70817615
601 915 267482397
937 162 733235806
206 309 599033562
225 684 155049323
987 602 714794731
822 519 258195414
141 304 494177968
242 386 882831027
962 473 660770094
95 472 439122972
117 534 474318950
221 241 956416614
695 790 30427526
124 982 668550039
573 745 12296681
699 496 226989082
366 230 825980196
364 950 242215919
877 775 706680243
666 139 68707697
485 453 102567415
456 791 654584579
215 740 653609716
460 351 294943827
691 468 709894253
205 798 934511401
655 819 134343278
615 446 749575347
703 791 559111202
100 525 709474643
562 877 605564253
603 55 992943715
718 928 351029112
89 505 866985636
395 357 190284655
852 259 326489549
917 109 935823435
755 799 810752379
97 905 655775118
890 336 762879226
578 483 457437168
906 374 439726428
971 183 125661374
725 768 19986954
139 782 908699758
464 480 656902626
916 226 617995231
496 787 371330588
801 93 14478102
462 758 979962446
385 217 811736884
449 274 252725539
26 973 28645812
588 691 16091004
462 690 947946418
740 156 825122521
762 309 31589796
949 960 181159003
287 503 746082481
775 467 502304305
76 593 636510301
130 245 921873269
572 597 942161118
769 287 867869895
411 403 958800675
15 18 809629107
746 35 264057498
589 245 676097468
750 900 332643339
600 84 870110336
596 912 872912418
229 672 519036979
614 737 884381167
282 693 766606666
325 545 105527955
704 65 489731158
72 354 65735488
810 222 849354483
214 772 290585356
625 306 445623444
375 591 535456700
459 815 636186731
816 754 590634446
549 85 467688713
321 34 564918518
142 870 184084602
261 913 746007130
501 740 696587331
934 301 869545885
438 200 433583422
545 219 375497750
66 591 643737146
589 414 469273103
274 403 496424830
117 337 37014934
867 852 443550556
549 825 689481043
77 929 607657682
303 306 233186837
249 349 62794472
362 58 994747520
740 741 418874107
746 915 710258584
955 161 399504194
354 782 255312389
294 154 369695997
879 372 383233903
91 34 369624895
853 635 473245860
288 432 502664919
293 871 94688467
955 732 600170275
885 218 635017689
374 183 555002899
784 792 525140245
832 435 512948698
719 970 839911725
656 670 173954488
294 891 227459011
662 203 121886977
27 633 835402127
104 527 865033920
632 138 53394180
217 966 623991827
186 530 379231833
567 986 693591980
433 339 178345525
124 368 683951322
26 954 47911467
191 349 658448546
215 371 904643982
606 235 324068343
462 270 553020468
91 366 198074312
192 29 542285209
292 923 289280840
817 392 651214066
622 896 229430244
850 460 798551959
50 128 664060081
536 889 293304744
784 493 33623785
987 268 388770153
448 388 492982599
982 89 675177678
51 682 824032495
426 820 513031418
830 369 152462620
745 756 287666637
423 624 740598792
581 103 436737075
47 482 19569462
738 814 432950767
440 423 148331389
223 627 202009311
110 276 898610738
145 845 536542621
287 916 535944427
605 294 50867247
907 486 280702448
262 42 74483359
355 751 200066843
271 634 305359608
185 808 90211784
411 484 442107149
508 394 970610058
433 117 561204492
455 418 510730613
424 712 366183255
106 861 923930395
526 0 899958853
385 558 628159530
797 383 710842975
531 181 461072492
455 377 662538229
371 835 186573627
302 813 392451265
909 112 509566357
362 883 417196640
496 285 434653979
512 62 609709120
472 223 320622340
993 724 224812691
390 708 102312868
270 71 455358683
61 121 778540043
287 852 902975966
900 425 999536398
21 816 579193156
587 193 253890837
598 537 265931409
623 830 423013872
691 990 770902835
956 260 831675223
932 943 716814474
13 906 2728270
413 940 851078192
201 701 797529784
419 919 510533409
949 768 626317293
240 619 72862222
451 977 973039443
667 66 842305475
129 543 243171682
408 746 1155699
571 601 890379029
486 324 396461367
485 220 944815363
393 988 160338684
359 969 241357922
123 354 246839258
669 630 65028127
212 487 484064121
677 497 347647880
935 556 121386454
747 988 342961001
856 800 403902903
715 201 434588538
777 93 558951218
220 603 367216609
536 674 293010320
303 535 318105852
393 53 974909174
842 32 771625079
297 506 683982925
879 876 308427355
68 452 926170220
215 319 60154513
478 532 84780050
288 878 169562262
755 578 275007406
302 940 705018156
311 249 978938595
186 106 297653372
844 713 865153059
144 787 113890425
56 357 654794890
286 918 537854126
563 931 842030307
484 236 169226010
367 238 204340259
984 676 80127796
498 751 26540685
695 8 126637751
481 272 993990382
713 62 791450001
614 673 461645727
613 886 437147559
47 486 14407366
2 804 66401815
48 867 161002835
0 249 864826625
562 816 29483536
974 561 971298653
953 317 57421607
132 60 948499920
996 852 243678370
376 863 648872106
739 817 157442593
849 674 20089043
462 29 191270183
750 387 860092592
275 850 719910400
327 609 819840676
731 906 701452075
569 43 735090294
258 633 946973943
279 74 236665075
529 254 75476343
600 579 380301850
635 621 516808192
960 581 430782242
591 340 649749241
145 683 341497563
732 241 787860176
88 245 11165527
944 567 360245858
132 832 356047595
423 384 438971277
413 777 478432177
129 918 4215276
742 496 730005245
303 985 799940351
242 236 610510752
459 757 607277599
137 429 317018596
466 272 616624468
951 411 156949822
705 711 228390209
273 779 788069966
290 744 459605688
991 832 305117278
575 674 783625720
759 120 230659584
593 578 746939331
345 240 264883519
138 27 190573187
688 804 777546093
924 808 835307470
720 92 417805748
577 645 677352949
564 130 155130024
636 133 884492521
898 844 725629748
514 211 889856656
887 590 318052946
736 929 382778510
754 987 245931938
504 130 521358581
210 39 22469315
149 347 281716550
15 127 379464438
306 562 802646322
561 778 139402933
969 131 373318493
855 997 59951271
208 307 44845677
893 981 978185591
247 260 45208689
334 806 612445649
335 669 401494949
218 758 423852523
96 209 412020591
895 176 6912689
665 943 645121519
0 672 805570702
620 410 226025280
366 343 155382989
314 548 899308182
245 340 992302816
157 624 455638367
523 787 398044041
881 355 219215474
464 111 199473515
116 420 182408483
259 462 78033844
356 929 625861099
864 454 111871093
265 281 730806730
451 638 850786329
293 360 225672893
715 703 16994037
700 390 550941057
605 876 93172102
394 651 609604064
210 922 145362729
238 925 683515575
742 378 619784614
969 928 576784388
864 767 532585666
817 691 397015318
357 258 951575560
420 754 914727187
440 74 454074856
392 267 50625194
201 367 911129606
883 134 128772570
17 610 797382222
109 395 462497091
446 903 381522682
439 462 830521233
853 224 203030575
553 213 21045886
100 886 88591572
524 413 312167039
734 163 541875312
925 562 531219841
225 135 612498887
286 695 752875143
62 687 786484387
234 194 83450000
678 464 142655954
338 495 636987859
189 229 916249336
572 949 11035575
469 838 593275092
227 214 887904922
861 603 614755033
59 587 447192312
531 880 748328487
184 451 399706330
168 586 383617293
895 6 13671835
846 379 349931448
72 403 353269370
823 863 766806737
519 591 62928567
810 378 972096512
19 230 982684295
970 999 173403640
844 485 338496999
521 638 544398550
624 598 328118320
177 803 451094532
670 12 557216548
743 138 439212532
273 514 540509190
349 319 820382481
402 162 637224652
714 463 812158179
329 894 508170470
989 182 383484823
648 972 21773422
317 930 314500288
253 561 531817013
810 706 356125921
42 702 120957877
463 965 165738593
924 947 523283682
489 186 907043303
14 885 530223428
762 668 313022510
860 613 168709975
534 470 679466978
750 245 690874624
711 511 631906210
716 295 684621470
566 587 868326334
391 610 886506956
37 924 544892852
702 507 872328706
673 411 440699670
843 105 93453133
883 727 598539737
455 835 194687433
606 320 550664419
646 606 407686168
629 38 633457082
535 247 567013564
200 906 181385736
447 576 112060515
724 42 103120608
871 160 422671326
599 855 663528431
839 747 98922206
976 706 464840609
147 338 877850152
343 695 619483316
153 398 16167685
870 169 264323761
937 823 668480043
810 533 83113878
711 250 585893859
959 934 74298496
849 914 540995711
751 594 249672084
484 540 692590449
891 407 430525342
218 498 6196262
835 703 991634732
611 969 78210598
535 807 231876813
768 935 725732125
554 504 594883268
280 1 397174813
600 572 98837001
603 585 873490704
191 505 895399120
125 928 246382128
224 690 385414849
997 599 910411162
739 305 13977160
542 620 630279023
352 556 566118499
909 149 98171020
967 546 760776994
516 364 926826531
109 929 46261565
108 458 688486412
560 983 438560705
921 798 768422610
623 972 301312757
764 692 369363713
235 266 166698859
944 547 199596478
381 269 554191475
913 736 58047754
34 575 649235902
606 342 795331297
519 38 52488095
328 322 653596342
961 291 690075326
665 162 67417688
15 412 110841127
607 390 115780737
993 411 732141547
981 515 472924823
678 174 130979111
459 102 272093583
872 532 647097771
517 926 282240296
869 695 884486710
149 808 728260190
356 919 330668743
261 321 699962805
440 795 49300274
990 497 627293532
760 629 710331600
476 338 31284568
521 16 96898601
460 614 109157734
760 279 346154359
702 776 116587260
832 494 259373426
857 998 599120392
518 533 185677387
805 590 416447054
742 647 956260761
7 117 534715209
913 642 583815416
9 35 314357306
20 257 983880790
246 772 686831751
344 300 268511018
570 973 715820099
449 627 715436415
890 775 171212580
420 267 945938758
20 707 826568110
149 75 157363557
150 230 388103599
211 483 466474788
424 249 430605617
141 678 109054759
464 504 907864136
378 625 431935548
678 592 262249380
688 147 270129627
810 337 354881944
499 306 749439770
55 222 168098055
924 353 945173290
472 721 264131413
581 334 238321393
349 361 534060079
879 311 18501696
322 240 686167706
300 410 420604399
302 53 307976026
852 482 65289985
203 473 895719508
998 642 610521488
716 678 739365991
785 173 705795491
627 389 451964240
917 571 192319059
884 38 188098852
493 618 545713112
651 508 533283048
346 773 137555092
631 276 652074940
820 23 834407327
816 813 943602302
935 372 640592931
768 441 699834718
295 580 762867455
960 856 376770307
651 561 274755620
551 830 679039664
365 408 718475722
406 490 161739014
615 292 154724345
673 384 71843675
620 527 815196186
877 145 740685534
412 95 351018308
831 961 229352768
661 696 82025845
206 535 917120112
740 816 194767831
359 916 809315690
519 312 903424919
361 335 438708885
497 61 80965211
647 605 856647287
308 37 357467750
151 96 384093840
603 266 444531470
602 282 222777631
66 118 492502607
809 182 280882190
365 256 231504223
278 393 687978050
669 40 73510504
758 813 861395962
51 332 47642724
657 714 636467791
907 857 563857291
231 290 46841271
14 124 988876856
842 478 164449301
366 405 733541536
947 349 961329504
101 759 296218394
140 160 1494165
478 515 504698667
278 600 463809034
903 504 752758667
931 451 246348403
389 963 392072391
629 17 625552335
703 945 785454331
771 326 793514757
399 188 277844517
674 565 780622015
107 618 689280935
698 310 42461692
549 446 525907275
379 628 870496080
592 9 164065113
297 533 160128093
792 578 41593137
140 773 71451458
422 185 211243317
996 92 974998939
439 680 353080586
807 683 335320395
663 563 272164874
700 574 582018569
812 348 400401145
90 450 602797040
333 448 890974491
418 317 216081447
883 67 204489693
721 680 531548809
426 870 45058429
120 397 580333673
785 745 253503203
291 957 468586382
350 152 578353995
148 81 422787347
865 762 661472950
451 610 73988018
612 61 268229371
577 143 813771842
12 867 269270824
41 832 58176575
905 128 280955329
840 878 289143756
710 797 253744037
687 174 943197812
330 550 746651402
764 281 69216104
736 808 535045013
644 42 879384166
423 358 49993393
835 814 151831460
984 625 832403605
946 368 277894787
985 705 112700195
576 168 255604686
336 376 488417162
90 886 911028318
962 269 850876138
365 597 854706698
160 406 789191551
141 71 894015166
875 423 853453339
951 973 620987160
491 465 509331311
732 968 854650257
528 57 826949684
720 693 13592033
110 408 43968528
467 521 396733412
117 47 110157399
162 358 671765845
890 805 143983718
809 568 881462508
938 427 408821330
901 175 507316006
89 517 87872636
63 268 24574791
338 221 198966481
854 58 166622744
81 412 501225009
972 327 950102787
349 396 471420776
56 874 935169476
420 881 823155468
587 975 48853326
677 655 794600896
107 827 669133285
352 634 224456607
119 836 724262777
65 971 425135103
344 999 155407724
544 801 306603670
532 937 543452094
695 80 871605224
229 939 977777172
285 902 952319483
417 126 221613849
961 894 33575576
297 847 457207180
327 928 697175935
291 18 412286566
674 33 360913052
694 152 192124249
970 255 36510233
281 132 728423293
790 440 827136946
662 820 535847104
329 742 718946859
121 42 796368839
87 34 113688770
245 461 827617867
504 78 587043192
675 36 712364286
287 2 490215615
246 219 68720017
8 588 611224513
802 711 65179413
13 720 723998774
965 859 922189524
752 804 386461208
121 742 289388067
445 325 54675756
416 410 848707437
211 265 208447543
891 983 452782985
110 606 285407590
714 588 950571406
986 657 61146714
912 302 106961980
258 678 525362966
348 606 207394002
446 763 361617742
595 650 959528169
311 152 91639904
317 360 699681935
657 427 516605840
770 57 159898646
404 494 806311229
513 563 382990202
569 520 282399914
520 124 677631431
222 429 703220962
573 964 649748244
134 757 36902480
497 138 988984442
687 712 622973431
717 425 275095689
600 701 166388579
111 445 489673794
499 541 57024948
841 950 112100378
859 862 634907678
654 826 489064576
156 176 520833304
655 250 537902432
733 345 420264934
199 227 385628065
830 623 632363568
982 96 507646028
908 633 625132612
866 855 390655098
268 277 25729258
27 449 643039212
716 296 844588353
644 296 207875639
55 858 771153462
128 85 577031478
6 715 400376027
926 518 749739365
564 29 85253732
321 147 465510173
521 469 727327294
142 160 211209278
486 842 885167175
149 454 504866908
233 854 589985536
571 620 925135452
697 313 686476034
618 844 759870654
569 728 982322860
271 131 352268346
873 423 902673812
253 987 666922748
297 211 282241266
687 640 802851953
509 429 870337254
827 716 166674969
72 152 544191801
937 544 86862790
945 942 1528700
722 283 947375926
362 402 482272584
985 141 71410067
87 173 189789543
80 622 855913344
178 67 935984464
317 562 560044679
137 975 979282088
761 410 547665641
216 914 210303778
597 393 184857197
720 266 332113888
995 690 217210011
165 93 789419092
771 62 535855819
75 243 937772337
180 824 164312435
630 646 654902662
673 615 893306363
651 431 868766596
248 562 93654887
840 887 638558334
0 413 352985620
159 907 678310119
693 848 141558682
948 173 817973286
125 341 774429275
260 457 815331131
677 895 841617548
385 540 52605466
68 328 111680419
12 828 598639223
452 728 882176725
804 932 276478121
533 567 815545378
265 215 584704469
504 93 57694186
522 918 909571946
977 619 449161301
448 242 113046565
355 3 753990976
587 675 253293720
921 783 192397082
587 652 606921049
647 25 898597632
760 666 127006736
489 466 682765648
933 235 6690172
713 807 892159991
14 910 965454021
413 616 897210357
436 601 235001353
347 26 156234714
558 936 863917676
160 605 616851713
382 153 986323494
291 667 934635520
976 646 5575838
161 906 13048222
41 99 177182771
216 594 210049072
34 14 166231357
980 106 719246244
71 341 109295862
955 774 95578611
670 507 546568309
193 231 322269857
474 667 113155017
810 411 815916680
177 237 710823016
175 855 670544190
893 819 652874872
587 874 217714938
828 341 958491127
184 977 507593641
88 988 829984608
638 765 518770954
110 884 753986373
688 454 485386773
445 878 8924446
294 667 322016349
26 277 438241179
378 595 285462179
639 452 792760105
417 702 3888373
44 458 285314875
602 204 746301395
34 217 28089608
626 343 975559376
235 276 390778047
185 940 372871751
898 387 737946531
515 795 688408967
829 323 951814340
890 857 927824649
652 158 884290822
65 720 949733767
423 13 387572242
76 364 141295339
9 785 881690528
387 335 582243182
22 857 396090798
17 883 159190052
156 286 996139800
791 629 263910147
94 148 900029796
783 881 513540637
967 197 560173428
794 542 51483445
219 318 560866364
428 606 63757251
572 553 114908015
401 448 374883496
767 740 15976601
906 721 174784266
657 623 87209963
741 738 813451309
621 469 800574590
233 201 280516345
55 774 39412779
574 479 598635332
896 12 905640639
240 537 713858144
794 582 286026373
249 472 901809832
840 793 1117560
702 869 412797826
813 670 428789753
135 416 107611588
991 844 533991653
435 957 935387974
477 762 639879573
324 919 706802425
826 861 160477400
582 204 802927722
162 222 813258162
658 597 169417167
613 64 368333751
45 605 186682446
368 201 889305044
278 840 734832647
317 10 437602339
299 960 589659322
388 343 601055874
856 346 141991972
971 217 100677067
521 396 892613894
135 249 120975561
277 164 885099190
405 106 31252526
473 436 811436213
521 90 184799446
340 442 696954559
763 479 962900788
9 846 474721703
706 932 89932791
885 79 476287538
58 286 728720361
218 655 466557778
886 908 914595618
464 566 398567389
181 982 290728840
871 99 59465478
663 960 22392138
199 705 929125765
621 574 151632692
498 923 221864058
725 578 278566395
51 534 223199477
947 812 132061601
341 477 354590581
853 774 748290570
465 577 812187016
337 683 292262953
870 430 919120104
155 103 67816193
760 838 616509661
262 781 615030735
325 922 398895408
321 887 849340460
972 341 898331578
987 346 843442578
507 399 996058335
257 161 786636434
308 107 159223144
616 556 140786974
965 90 785752314
20 890 176913740
612 938 654873144
91 334 886902316
901 479 956633777
242 753 953871306
63 206 555966457
865 65 367705005
654 616 303750063
855 270 224304242
102 936 189722268
854 116 244994361
873 201 589396306
122 169 97000886
848 635 30492492
581 119 53536041
921 486 11689162
422 481 740602731
955 306 187606852
296 700 527187580
934 450 866627016
371 864 35974208
652 630 888595707
741 2 116641366
601 706 334312677
853 179 902048141
399 136 134391557
612 640 940162691
122 530 182189924
953 208 172926417
866 512 266673109
109 394 317768985
729 237 380054414
46 922 873008295
118 520 216123359
314 62 970967278
318 73 721228587
756 730 912504722
930 463 243780981
773 833 528610584
28 327 636083778
265 695 619956750
816 104 71566359
372 309 166556426
75 124 808992521
668 751 758785938
146 539 94003599
188 302 588472339
859 361 538541366
966 847 129363244
720 269 415656725
607 320 562031585
971 91 794671342
129 959 37677047
930 131 471482049
773 51 49736194
594 790 59303732
307 137 850832752
53 832 5992987
779 438 402162093
763 278 49374097
464 727 674134198
751 813 698302824
708 715 396868804
715 76 996790492
982 623 216282741
395 272 125349231
95 45 196500449
135 254 161608137
805 61 899064424
940 464 643826027
530 288 632856324
952 546 665306457
410 351 803722249
441 58 906796292
259 656 714711271
998 668 606023153
396 711 692283482
460 969 867707537
412 575 178439141
141 886 39136243
615 49 962789201
202 882 606548868
461 408 25138206
942 753 393750927
428 782 23550699
641 32 518824328
740 815 613135503
849 235 926407881
372 800 177889617
946 477 927833647
518 709 898250005
870 170 64880266
501 546 204229849
436 343 844156281
214 574 9469408
928 135 518371796
521 242 55722191
826 485 42000099
393 482 13138343
463 840 26147953
959 616 29819297
72 267 165121843
933 577 137876490
947 867 680168118
642 90 904450368
975 543 649732573
790 745 110472310
308 310 412344790
828 523 699604799
44 48 464785580
856 646 185338738
955 983 673085086
290 342 403080964
524 638 703272248
159 632 337869695
766 699 351452322
104 884 348694939
196 796 66110253
239 932 614817214
382 111 301832304
102 198 702701565
631 95 985609951
434 72 236309140
172 891 785724255
171 472 368013075
435 405 13554157
907 347 889851006
541 333 341006439
141 452 168747968
151 760 669575883
621 681 162145507
662 885 260638152
816 583 378840842
882 789 221630812
611 255 731919447
547 163 867611989
846 724 37247286
254 890 3308233
336 674 21634767
174 941 310749279
105 406 315148664
144 948 4170216
125 38 649321821
887 111 627088435
490 975 620471996
547 856 119956652
773 926 275324655
833 793 21086089
309 281 789813587
488 624 112019759
709 288 654709331
968 203 520223991
868 488 707317925
644 734 830912637
461 699 990776729
332 990 574935633
853 968 769667463
460 683 278192030
928 65 773646321
161 866 419996388
110 894 312204084
54 844 448194713
967 572 348035069
742 270 459457988
626 115 159769431
120 359 525734255
749 366 811396151
436 547 494957257
817 308 142511629
5 204 425778115
113 145 622735106
766 611 982712159
604 952 668090171
604 339 170577093
621 450 421009432
145 610 464645094
383 636 129695001
857 746 217569788
680 401 553771078
205 335 928318145
111 564 779071324
953 194 379330473
939 718 215718670
756 834 589221404
81 528 126442567
221 676 731229069
59 693 862265119
39 640 178253469
950 27 421630560
79 816 345239383
437 12 947529702
931 354 768657937
814 510 412319825
837 807 83633248
153 628 517928488
708 940 211342223
482 201 677511466
170 589 431911992
790 639 216123905
777 325 666977357
183 49 322572486
239 317 326472217
720 492 403524985
643 376 682067972
421 140 481711820
594 286 699392119
199 242 889155064
955 583 643255055
299 304 44617499
212 196 33249582
627 261 16712421
16 227 97077570
103 597 563899320
175 472 250547757
843 305 487760040
137 619 177883794
471 891 808764974
418 625 729607691
469 873 72335075
577 746 77622447
373 413 886841846
674 949 693460707
430 545 590654696
264 755 27425383
420 149 960430009
193 61 392633119
40 134 993409669
979 851 67089712
119 950 462795820
375 286 839981881
271 395 50966366
906 450 834715378
885 211 191813778
958 85 373967825
755 585 319090189
796 388 60299203
637 92 460507742
680 640 658874013
637 132 892208722
14 604 792680094
450 589 584039799
677 452 896641172
765 67 58795756
949 262 421015479
923 96 105193522
432 593 320684209
757 658 410450325
650 64 705695955
748 252 93843075
285 692 864306454
338 332 214353712
734 634 945936366
498 609 479447053
203 383 642275908
14 566 485296350
816 394 564054550
799 829 865980854
942 44 917613233
531 647 616565083
65 992 279366060
170 176 931148989
132 286 778631739
3 90 377749152
111 20 579151152
742 52 108988463
279 195 627302121
380 31 295454840
913 783 256748383
251 436 128815527
348 688 24038112
790 971 706760733
555 425 729512430
464 81 280786799
675 548 46077626
494 631 872507336
458 741 833186994
589 297 783342333
290 138 303177746
614 629 234364894
74 151 987592093
1 12 91755913
806 739 493159884
939 418 460467141
850 381 913589163
893 778 100053502
544 263 323156567
4 224 463300240
187 777 217819892
717 832 324744523
135 18 956889752
409 189 393010055
541 671 480117098
553 449 412881350
868 616 184924632
738 984 877170473
829 530 161995472
604 333 764148663
948 362 423655944
408 596 715566373
182 55 442145092
496 925 37271148
437 53 856287461
821 875 60199155
235 943 544491820
403 602 799830605
242 882 662198797
347 875 707417547
206 690 906761466
443 557 156701237
524 947 403932750
953 729 127252595
178 624 615511
754 874 366104404
302 453 988329876
291 93 19509265
678 995 710088412
455 392 483966037
628 793 627096294
826 503 99254326
206 65 140242443
33 548 585907888
855 724 875167148
597 391 476012139
496 363 576216630
945 78 174475946
628 733 772136908
506 710 456856864
37 890 17499510
251 279 173466013
745 496 514848879
208 16 718979500
754 899 320247392
313 410 581282920
718 245 286389053
413 403 846631274
766 197 732650694
659 538 949860019
106 76 417794045
754 641 754209940
11 978 396289316
613 674 752663866
748 674 361302457
992 186 777206694
701 660 257998930
364 112 924020724
841 795 477931878
254 878 979646020
610 740 988188709
51 992 695347665
882 196 149159741
279 370 162703256
417 380 111654460
835 911 241093074
585 837 683159439
280 747 888566779
803 581 328685815
670 811 947750599
546 259 959172646
926 971 108766377
486 504 261985279
633 813 910567293
891 209 445790584
465 865 538664248
31 132 758737999
234 382 605847518
251 622 630497095
778 184 786286591
541 705 901634103
62 545 836279746
423 127 154380627
763 523 14780506
292 675 300495190
281 584 643815086
181 722 242087588
131 331 35590692
99 2 768839539
430 928 669378526
579 833 337582241
879 335 126884969
864 402 942075096
1380
325 114 149147827
597 363 554149651
308 845 598055534
980 23 970535704
36 688 501857088
81 327 167237677
970 149 640782246
980 774 306772346
660 138 85490151
19 503 174764528
309 413 56552206
52 433 70371459
585 998 94355656
561 33 960757501
945 729 836609263
27 723 589450618
632 947 342066152
793 916 285224599
945 943 934409123
895 794 921447443
842 5 115150728
955 822 287097865
324 323 129395113
248 688 460186701
658 766 870015354
301 10 319197942
396 263 852354038
588 578 210314615
546 814 446859969
921 99 97201785
806 804 240574761
902 706 71718454
712 179 387946088
521 656 157486582
124 425 212864621
810 370 823738514
667 227 763954668
40 458 506451338
83 474 180763785
842 273 595385472
91 707 261561843
67 936 956636119
104 362 834703642
778 155 170196258
111 468 185032531
704 519 66083625
735 416 280137821
410 325 98681497
659 23 717473706
549 291 943724223
116 745 424845258
913 124 253456771
264 540 742103452
509 63 181546663
412 599 189637092
833 527 329774475
704 111 115901844
763 209 783962396
613 39 10921114
106 721 840764046
114 300 742588045
332 330 840842546
266 996 8923060
513 435 674034176
423 312 393045795
326 642 594175017
847 881 737738302
633 961 96079759
606 172 162516415
994 72 188789776
378 126 82095388
382 38 469034466
156 525 74621219
342 745 582137736
800 775 347615002
975 951 113115334
266 784 423060940
786 754 582248025
218 473 520096295
283 676 77833802
760 603 243259106
266 817 430390423
347 322 985247751
377 381 689594731
284 271 982881959
307 787 269310181
84 127 322555885
991 413 533964031
928 100 515313758
5 779 219239017
488 694 260398480
15 73 852106512
888 491 868868585
398 82 796104941
279 211 349040806
977 501 127366282
250 772 506384975
143 210 824171569
290 700 271829937
964 317 118865997
181 414 668059730
991 0 824241599
640 626 894369349
784 421 48370383
170 526 44600183
351 583 615199416
708 230 1768674
301 95 591545540
430 911 397912750
688 364 399957413
240 124 834698630
906 704 891245679
764 618 790771064
604 674 405328193
433 962 524057493
540 577 12203533
565 108 501945040
610 395 863681518
437 812 306625608
425 744 750585448
100 505 130201701
84 662 867435825
485 899 489126491
872 603 37779069
820 701 239392901
994 789 252617510
28 36 96534950
844 634 363148676
613 146 836845478
552 956 113611987
675 744 377195112
352 532 621534276
689 224 484223976
440 399 154128916
942 250 262225895
821 68 191928882
644 749 545623433
168 230 2234564
119 575 354196323
739 815 380146452
783 197 493613046
860 28 788659494
71 916 856632499
533 42 254744342
318 864 664520959
705 655 75021198
533 117 98474572
663 54 127258375
503 994 303976288
398 430 270028542
584 851 960960033
643 824 110769030
958 586 875566694
669 309 877714996
491 480 274374583
721 556 160652082
334 323 778967831
394 759 498162626
33 73 771524767
411 442 570311031
239 122 302615835
452 602 427215612
9 848 425610204
221 428 364234271
681 753 992510868
843 578 12383294
768 592 890112168
680 299 14707877
188 656 119599560
276 874 79641410
493 191 929250324
721 891 503887590
227 200 270286453
342 645 66505353
504 552 607230905
77 452 815290205
987 386 326745910
114 837 638120439
238 132 937815525
427 360 981787226
425 568 176532438
163 996 829677473
937 692 587528555
410 730 398195444
107 961 489969824
415 764 53460773
817 448 312892703
947 933 855945649
738 856 270948522
844 338 782037400
741 549 240755410
776 756 683466332
972 792 247837361
838 35 812973484
6 661 392645190
512 294 262984193
740 840 529584433
981 907 888120472
539 90 17960305
801 594 801555292
474 749 59299914
34 493 679764308
613 865 595605843
36 177 311015897
471 796 638140377
482 7 744404145
366 651 675264730
764 10 662172582
355 231 908762753
116 219 8265132
956 260 462605702
392 591 124010478
388 604 346241352
966 667 487878560
454 76 308237785
30 10 383159626
91 883 995122347
484 381 191262037
482 154 883305654
789 106 317626188
902 404 302462592
525 788 442419837
830 658 315790757
967 707 276762921
235 544 896383843
235 761 602769817
486 573 363007449
488 36 908664029
885 381 891276490
802 969 842976122
730 126 785830905
887 305 413655637
851 709 829587119
637 652 819142714
896 761 552634137
188 924 733802774
160 503 807898452
334 858 686977122
861 690 229150827
489 694 420162472
94 827 795801545
943 307 142036632
945 434 617536379
489 119 732629752
929 267 495788165
763 700 155025536
803 572 428601198
313 174 794224315
792 404 680543532
158 184 631903972
808 271 334115863
805 380 299478776
966 792 325646625
498 450 668173755
450 639 545613531
187 141 761130676
2 436 747019730
98 531 957287567
144 820 443547411
631 361 134306347
128 964 549164608
877 245 134133858
358 132 657789389
804 210 27789369
507 113 461921447
380 745 361364671
530 626 598585754
73 716 150555020
506 48 361476340
652 340 196684823
802 505 693187579
928 134 468347431
842 136 324961441
703 70 736561806
351 465 619308849
544 12 599424571
229 302 588266018
347 42 788446058
270 256 523027429
711 55 804532769
594 729 403986887
916 160 571922809
33 496 437836046
444 610 562943350
680 145 78995053
579 629 55620678
578 409 106079675
296 666 72099978
781 780 297601521
1000 841 797072495
346 54 149051143
661 833 876014240
913 19 14950733
944 932 682477138
370 331 520619816
626 663 715117091
49 219 930216245
37 263 565893508
722 284 857375828
133 144 333643440
82 843 605027522
895 354 667876652
894 483 978334565
822 747 547334165
490 804 550091227
519 101 745306939
444 941 701566610
36 949 356809316
445 730 68365023
605 202 489132037
987 96 626509279
25 7 185927864
628 447 49647025
596 103 905967814
690 103 336944830
269 624 280928020
392 93 55115212
266 970 216213635
543 348 674646490
37 140 200287687
599 839 86145876
918 749 444455067
550 239 922003352
647 577 800816814
337 712 124688305
658 896 80274687
342 10 929416940
626 191 57425818
584 761 243723314
478 977 635397898
874 677 790754328
928 900 499714344
341 379 729512518
52 526 90493372
8 646 162724613
376 990 527729059
328 897 146775603
706 611 614172676
525 543 398188721
424 518 181985318
926 215 69650781
416 343 934225185
820 717 162206309
388 308 184032210
898 226 784511000
268 253 873500994
705 647 977207925
497 238 993228731
887 473 372774026
734 906 190915144
466 586 251424207
35 573 935066924
505 493 108044831
595 374 38799211
613 807 752121614
60 46 851761640
578 630 68367512
702 380 131290354
232 649 328444130
850 780 391866327
513 14 137541935
584 188 623128125
374 175 561167739
374 188 71777156
810 974 161504684
118 774 556115847
509 5 470125005
819 382 18308688
881 175 257703542
594 493 490968837
466 580 426308478
440 813 759111546
793 936 87352836
544 988 611381872
863 248 661513133
86 855 829437086
684 206 864208090
839 403 32060851
388 164 667499336
780 294 27138369
193 123 409249880
665 940 991000594
822 546 424609389
848 7 739032321
128 714 890908542
541 523 996479337
471 434 559336452
884 812 729319791
778 683 56715330
988 281 32687768
37 361 216451563
199 701 285270896
205 431 984863636
733 45 212495412
911 562 959603281
706 690 673964032
556 62 42828141
836 8 697384736
603 431 70479617
702 881 265762302
402 182 124371520
384 839 383310807
599 475 999164894
923 645 342559589
216 185 974503926
127 49 814321754
160 14 661074695
300 966 384428205
922 562 70828939
285 942 293590430
415 596 569722851
544 232 40849043
293 999 62955967
267 444 850842694
605 987 833063615
909 49 105611843
814 573 337478425
142 506 950907934
106 490 219584682
268 864 883435693
86 887 139626001
622 150 346613754
946 547 991920980
652 65 375086969
966 359 778866629
775 807 369518509
986 359 85381234
195 112 155655474
116 850 782360552
757 212 256437792
734 726 230260526
9 703 331330253
237 459 335473458
48 817 212870955
321 219 226074594
736 566 694445978
531 168 222408800
396 510 860123832
223 856 518674790
263 100 745427663
883 821 227104812
996 9 398598889
962 952 492281154
468 871 185965942
83 753 313934833
146 973 697009039
632 217 672402726
88 265 407453408
958 451 329981158
230 349 274857909
916 450 609498709
9 112 220367787
353 786 143463486
365 192 166398002
82 684 993710838
286 815 984863989
603 883 103440238
131 671 980457104
378 533 286875001
369 745 546621541
973 935 187082503
130 854 250091825
608 145 150671935
214 615 637806705
302 924 878318822
595 945 40631193
509 799 631676788
5 639 62557467
294 161 113764708
220 100 23607829
817 59 873845093
10 482 955383962
828 362 352560858
521 344 964168901
329 919 370621171
100 244 288306923
498 305 288534952
625 61 538265931
206 921 226789318
402 178 590016561
90 529 561636642
190 626 297649666
393 276 478849962
229 181 572639030
303 787 676346444
655 683 842811653
976 901 973324163
469 176 115623412
247 935 715381643
186 949 227442104
903 638 43482731
245 604 17503813
297 377 667546224
923 830 117702546
43 753 388866002
78 185 237597328
346 963 849541999
355 22 800767979
923 436 799840898
524 774 271219013
209 619 712398426
273 426 765688445
108 453 827492859
10 984 797481633
964 596 784964627
897 466 283504297
546 419 72561159
485 232 659367395
659 901 449288286
705 135 391775432
72 544 977885208
472 283 549719590
482 708 126416523
162 49 178252401
836 919 428382544
986 109 974949383
790 191 231575614
317 943 686076245
109 894 182594430
86 682 782706255
47 374 760474625
878 810 750746660
79 392 238264020
333 670 293689924
106 1000 205020855
791 792 549767011
189 927 902773172
480 934 800174263
896 330 550332224
181 482 113786130
592 908 19056859
341 269 258895010
676 535 999505414
614 745 263995693
569 86 644530790
270 743 138856705
187 766 349817299
332 790 126757858
882 237 751046213
584 762 718018858
562 249 185650850
481 80 206882430
601 319 235341489
695 570 550384011
224 251 198990269
894 614 82768118
3 18 406389887
520 519 542832312
820 282 518342037
65 694 101450358
470 670 100744593
143 508 337346182
44 382 385339992
565 332 476100942
43 870 616407360
452 256 988901010
221 835 302217771
467 703 761290886
884 478 618615590
662 666 594657764
190 37 57418184
439 818 256711423
666 482 434953936
178 495 650308950
927 47 249689734
306 787 760596709
495 626 80978176
909 206 738519563
442 650 290450906
722 328 187353576
721 950 895934151
48 578 378144154
153 480 233726702
780 747 260191889
667 429 187630709
535 362 177494643
306 610 528046330
751 973 311803527
926 692 681485536
869 128 59011584
963 127 438484983
888 883 254668461
551 95 321279918
874 919 49332898
610 494 620344602
947 120 401611138
734 169 498605442
958 986 113464493
228 932 43696106
778 776 130630794
898 124 951214775
538 905 37138868
49 547 820121097
637 760 564451888
776 930 272308351
7 649 578247192
140 780 478745067
648 728 175392430
830 365 928573351
301 519 350183827
648 646 586464503
867 424 218929495
134 968 572317275
989 409 705813168
14 244 699102059
113 27 80678474
305 247 714610352
7 126 560280202
773 880 944220297
511 903 323164101
660 583 362572545
114 33 850268683
121 924 199957093
254 39 115157521
234 195 603607799
556 768 232377006
250 340 280168781
805 289 972677110
763 128 288948177
911 676 462671150
767 262 183339808
964 421 892989856
910 577 531861630
620 454 786740642
668 62 253778210
725 866 452414027
339 698 914786489
888 986 799501629
709 154 325965037
144 112 403604344
559 678 608120812
922 278 348602428
632 169 677769602
72 952 769473245
870 525 861093582
895 873 884336386
715 607 97840043
943 941 40662654
250 936 238798206
893 41 774420816
129 905 508254988
296 551 935796293
804 223 6490549
120 968 205375251
701 678 417477269
949 319 524224902
966 708 722257113
295 792 645876424
602 124 964097413
649 960 579687766
965 624 19386182
507 991 167662825
286 540 6685724
879 183 817262128
189 445 493754591
229 654 7886415
245 905 52452072
756 900 203215867
473 681 862661419
45 576 53652335
423 505 278049923
761 378 606014500
55 819 147839436
307 915 133738540
805 806 191745504
93 687 961448787
956 565 223398808
168 607 258218333
262 249 591790581
32 384 682252617
743 297 408624232
909 503 177185131
71 620 988723891
312 592 318344269
507 766 229087187
682 561 707062290
49 874 47540917
719 489 597251748
815 676 924273408
485 920 696461100
916 603 767134484
162 175 3492976
744 234 624434558
554 934 70485869
262 394 277539606
112 975 84552534
468 357 582814055
812 740 785349037
540 482 893592790
16 666 4526325
540 752 512550447
765 498 569236428
451 374 380979378
911 749 610809501
116 617 321619920
201 838 985799236
28 598 524497934
781 148 290160947
286 550 635199597
666 18 318723423
364 468 103291621
399 124 297738077
958 236 195863226
149 296 990159982
743 52 467961899
726 486 659084994
271 266 403061015
151 225 716126671
30 428 443243758
322 775 262895159
720 788 312953225
966 457 381017559
611 755 224576343
765 814 31439355
843 727 381617522
236 272 102696494
526 721 227594979
479 1000 790973633
98 848 613541893
25 509 934703747
603 164 65144902
506 678 831558520
627 148 578847644
102 524 743691711
326 742 7628732
534 878 194576126
345 690 323579891
205 273 383502821
492 585 846923168
344 951 296381244
182 145 529298185
980 255 838880924
950 594 318461837
952 91 282049487
518 960 809318107
219 398 354405707
480 490 761141402
698 53 20309353
702 188 292233069
666 2 57681872
458 940 845582037
640 781 149218327
117 448 572315635
8 902 914044506
861 315 298323528
759 81 79857946
56 711 27820923
151 332 39666416
484 26 694034816
93 146 50373909
530 218 192521708
718 369 301304844
884 310 16566739
483 310 339933066
165 910 657814129
696 948 314302959
238 423 609674961
194 132 439206977
397 666 589472756
856 203 575293781
257 292 186681734
970 960 513801913
746 616 611451574
410 738 89448482
571 269 614285285
360 230 191374004
234 490 40389792
681 629 579262644
725 825 992898367
642 568 518638758
406 205 80085067
126 585 34188241
233 686 85697605
134 42 205037396
323 906 241696020
734 887 851826666
370 604 113633513
146 323 59778029
215 815 462226035
66 914 633328371
990 617 348232068
358 554 805409515
830 589 656632544
212 857 585456448
774 96 661300635
994 592 887531875
638 60 177391309
567 670 989321286
649 997 292833542
141 626 918907661
502 327 457110785
673 345 16580475
315 701 606776926
574 152 235771966
856 431 143359427
483 663 17781219
707 819 801019514
685 347 510148710
758 451 165501053
959 122 549723251
106 538 76475093
330 711 668905239
740 88 332920783
965 252 139687143
801 666 357132388
96 177 373181393
657 385 408510637
241 107 62011778
358 244 118355626
779 426 512256637
6 418 835241104
572 393 316799656
994 465 740843620
284 827 559095064
537 202 659575034
684 193 570931134
906 565 801678291
926 778 81162187
481 831 872772827
938 408 550915121
947 428 278546482
224 889 867471811
902 702 540252878
733 450 925125812
824 395 113446303
798 191 12683429
580 822 761296429
48 723 39486136
294 293 17674618
309 490 880063214
4 438 278585696
301 976 946653342
925 945 267871048
911 523 525169318
699 23 352078076
973 490 200753762
74 81 377155359
403 265 928123657
949 781 135548483
676 671 741446941
59 951 782424903
789 756 62976575
323 135 478119065
37 401 631681975
635 740 220466551
56 387 596819593
0 786 221860573
191 505 18967193
496 6 743895065
994 702 614196009
391 943 528646549
670 523 510786641
500 244 291859792
291 461 107712647
415 511 71766602
780 779 391531436
630 403 276884279
94 528 651165648
421 989 21274083
933 551 172006665
929 147 706996485
505 428 811744972
570 724 89786144
211 170 247016620
374 543 578097807
580 877 932027544
1000 347 848818613
145 410 948622168
664 195 639936971
623 541 292821058
980 27 919256167
124 716 9637506
921 41 868456151
396 239 567834069
50 304 814148937
996 505 324568861
249 491 370532725
370 209 407916446
549 508 408274481
513 829 674473752
506 993 745401327
84 840 758536882
358 410 179438014
765 717 426916523
461 292 224126812
281 254 145623700
924 32 205264290
553 383 881552300
103 589 874931669
732 345 877701773
951 498 129774324
252 169 713687099
694 57 290457595
705 216 677040209
261 52 680508874
628 895 772059274
782 372 502761707
909 758 275941620
126 675 995346129
713 531 193743646
340 341 921082707
620 225 495266393
678 582 924916796
453 152 106505809
705 141 645291364
340 113 617193652
203 312 938684870
414 177 929599434
719 594 798264202
186 544 681151619
558 171 327791331
821 912 7498766
465 161 708232548
600 876 227598513
261 350 725173883
363 196 490540060
411 560 6580541
144 691 653045222
988 367 191917231
431 169 702702073
202 467 545392561
992 411 102376375
341 732 136282100
221 931 187232588
706 889 185602452
775 813 850205385
933 680 917695503
734 7 84325216
835 806 29360265
475 342 44993063
623 581 684780405
409 705 137591558
85 802 801870545
37 833 214078687
731 647 726907079
898 905 694964988
487 811 960279459
462 977 192020438
125 15 183811396
109 205 59420144
911 166 172038133
594 134 110979561
629 315 114040192
154 904 396143403
856 356 847390883
548 163 430430367
167 489 684471112
599 22 745770607
461 480 901800195
237 148 53976663
257 206 200187435
469 851 512669496
394 987 533191334
927 579 685393775
251 436 570701401
879 126 781794899
204 905 840205958
840 797 935625084
926 683 584281787
895 463 969006298
281 512 186532908
889 335 410659730
363 874 428458267
469 742 794589180
584 1 252837785
682 374 808807843
701 364 200721439
951 306 759586098
527 1000 389460825
757 793 532943813
828 331 386683029
830 972 777629886
638 325 57208016
435 592 238726355
546 904 588914695
748 311 378871276
363 794 867592035
682 749 568744320
698 168 274827949
252 255 107313273
922 151 715961338
308 441 501166504
190 929 845017755
543 153 8676566
759 13 832914808
981 542 795188127
631 388 111020126
905 409 706022103
241 655 291653995
539 125 458294070
707 999 817854499
770 459 624041942
695 533 605934783
30 612 786077629
453 303 739185213
891 199 66280361
538 526 347613733
868 841 511573778
248 944 292164066
591 134 449731308
111 154 469213448
103 966 160498169
740 269 765612343
194 715 80228551
623 22 728029309
219 697 122020242
468 512 676308800
768 863 243752441
357 857 153539003
419 872 145815150
235 238 377374729
488 221 532056793
415 733 789175038
857 651 845211779
826 586 363551846
244 543 166449590
145 514 611052180
271 779 357557259
90 979 372054906
722 900 976570204
654 705 486303596
466 972 889937429
451 393 833297376
987 352 287120722
285 377 73399619
74 657 161227262
234 453 175688836
782 576 763661457
787 569 595301010
938 718 197173590
109 545 80694213
901 524 39462159
825 720 196639482
972 662 140594576
68 85 856440118
568 750 643440140
259 291 996516206
228 146 953577992
290 330 439656674
199 999 127963583
364 191 859054084
256 931 855044083
902 33 306377123
767 558 306942552
475 914 209004503
185 591 427493992
471 968 994936581
959 571 570797816
183 944 587135624
960 341 477283126
324 723 615933279
332 975 426562875
267 462 272255391
586 226 720206921
566 85 477937002
814 251 472656042
645 176 212524302
749 688 325027316
335 416 521695959
582 953 946557313
573 960 148976118
593 175 11346108
192 422 399813192
806 175 897070670
707 70 215710888
749 318 140504972
193 541 99407964
848 578 74720795
406 81 593832932
64 844 20529103
830 318 689463551
314 183 96316015
43 761 654611540
39 350 941884791
851 338 562803560
651 921 122290363
647 598 26787066
205 193 422491618
695 437 456490066
988 333 6199771
777 787 675469596
730 155 224158395
452 552 480059753
460 828 47244220
560 564 490120611
151 57 379704847
572 26 251966048
146 120 103931704
203 33 395881433
962 947 592360355
911 321 157323323
513 152 220809652
801 227 932759601
893 696 975391081
755 182 158294036
961 486 930303387
198 294 815063919
625 91 250661232
770 268 276136978
71 1000 604553980
726 302 940428199
980 224 715060827
27 415 522919614
595 373 102206554
883 322 753345994
208 986 535824121
122 257 565262495
712 242 858240392
43 922 211557700
256 418 637839047
825 338 95831941
554 538 796664512
295 583 880432622
184 297 723530361
800 450 242908546
422 99 948764944
378 173 204722519
437 407 225491681
573 610 442328264
619 968 646246753
806 498 289230758
285 738 335250545
140 877 505860151
775 383 911782465
61 58 977560735
210 850 101613156
790 777 584096442
272 678 394088579
938 886 560308004
895 183 692827949
693 677 569267357
968 586 962701991
898 5 531816062
283 401 375540767
948 729 39859687
491 473 611910166
473 638 418890231
276 324 429929252
437 561 578285999
627 996 116961394
255 492 206847147
190 763 24863360
45 741 649065885
620 313 188478323
224 307 105533245
490 756 911985126
312 980 743935936
879 296 174558882
635 582 696278241
232 173 679807040
241 700 334422175
853 937 121087953
784 244 903865704
887 275 574139676
317 192 161134647
235 981 523391681
568 191 574207842
974 305 627988402
695 317 361673085
774 756 182663802
68 180 122789647
85 958 127674355
349 430 324344692
133 675 535505475
494 357 582707116
566 809 939342402
885 930 193557467
262 5 797437006
713 760 366085738
23 40 74893201
988 994 372403017
477 118 977516377
241 852 12284738
89 55 560039171
107 202 287982952
716 772 264995752
321 180 120656151
0 217 252691422
717 876 750003578
298 510 251133319
141 132 137810241
943 864 445280535
95 433 52512491
689 420 810491220
509 252 995132405
968 638 347541374
357 517 602315146
72 237 907454085
681 413 624665825
829 336 975042901
980 450 620778606
74 97 51679604
980 729 225649911
118 955 344575254
680 291 68263209
341 877 260161211
918 677 26386999
568 16 628416262
850 949 619954005
687 512 538189936
494 285 968806203
201 442 583872449
543 235 339879454
932 861 402409765
183 8 372285073
189 707 792625488
934 334 844521601
95 111 920035919
514 302 862807647
377 853 116291053
120 746 50705955
912 247 302749540
252 45 304030942
745 662 283351348
764 465 743737449
656 18 434282494
499 530 476235830
795 374 198770022
272 516 225137788
478 778 788275737
670 210 123033900
107 492 536752484
247 304 498219073
923 165 409560744
328 328 498826027
917 199 790282537
1 711 456925094
377 422 113013825
835 465 324439621
582 943 482926720
450 579 731000872
842 400 229854670
847 138 544444670
385 547 489509264
855 788 640650007
284 661 43860418
697 479 407516376
921 485 898275720
816 521 254703652
753 5 749603123
638 548 515284688
90 867 938055932
431 43 861312649
771 571 768792355
260 900 361862453
13 458 305585043
552 834 16472500
331 956 812460910
406 108 669928084
993 836 959201170
319 12 594979258
952 824 707621827
666 209 61222768
832 153 621773472
911 420 991599187
684 34 818688281
787 207 267754239
314 711 661535702
847 894 957192802
215 29 307793830
102 80 677503456
701 965 165406980
407 862 731289884
785 658 902576829
986 347 122093982
826 203 731205455
780 561 942442291
276 704 126391430
210 459 215776870
488 45 111942493
143 420 190350139
751 824 895349487
675 235 16920653
424 265 277192647
802 180 158172573
961 766 628276876
850 394 113119861
562 784 543404011
665 515 980302784
939 733 739043813
995 208 513254531
422 889 949050746
334 614 918692620
771 56 608563549
593 437 585702296
123 806 13415032
14 693 307477587
730 4 711498894
449 420 854600316
265 455 891413570
814 137 881124049
279 842 443641260
21 491 557435235
836 204 141835490
103 335 100807276
526 950 634889834
600 781 300597568
793 283 924469091
439 545 135144037
868 300 891877255
928 663 86846956
352 832 3782949
684 915 190054350
992 566 68656469
949 102 599130233
361 680 815097439
695 607 406823804
45 360 703804014
41 974 753248109
313 304 419740535
276 446 780970571
668 902 298117619
69 632 988378965
187 815 865201869
131 42 620860843
236 294 133531730
395 34 348662774
190 192 457276954
763 176 205472194
21 146 22932395
730 836 638586012
738 70 38957837
685 228 436292523
467 425 744150657
545 133 713042873
523 4 175163722
665 593 369986973
415 774 49506854
189 196 109218109
720 43 627764460
899 700 761116856
798 21 262562625
797 976 783290476
893 469 262897029
629 995 263891776
599 35 128965583
441 822 94575435
82 832 111499860
801 13 268802689
915 946 915899414
100 468 772248208
687 11 484395669
430 599 186388515
232 942 955265601
263 793 135511496
587 841 882968670
873 844 848727024
739 229 161999205
286 424 853932921
891 669 138482811
814 450 437189850
80 850 994442455
705 109 353185565
782 245 283006728
657 406 343045896
594 926 984059255
113 353 110098992
138 955 960722668
840 285 432863847
381 296 680366182
57 501 606282683
681 809 10094264
499 978 96001844
96 81 536295871
259 995 10663981
282 665 224311297
844 34 735495764
911 378 213254120
600 504 834975199
275 791 927384560
101 160 864629542
87 631 127156894
897 991 177187409
788 135 284134379
24 254 83415359
396 254 74077781
235 210 421579984
160 433 497836382
357 989 70202045
286 931 924618117
