2356
799 431 983864886
832 10 786174533
547 255 830525716
563 924 526943570
744 848 102372016
157 597 94057287
470 345 11835541
721 66 604408912
279 445 726650805
171 156 174840692
860 860 50653018
738 165 770813173
975 734 266060740
24 360 889848158
587 587 93652322
312 315 198005698
593 730 381592417
871 720 328216080
19 838 499912770
345 311 242434534
191 31 194232659
165 504 669123080
460 368 105409406
665 824 641654210
713 388 468899854
257 67 315683769
748 421 542457731
756 129 230367606
801 953 363216906
922 793 407310399
597 25 582506743
795 965 548065166
750 788 492886730
485 892 245229005
278 474 788366426
884 560 82029792
800 81 830704389
955 768 454480007
140 162 986559236
25 586 953196448
815 374 965302053
542 75 133320523
588 652 651295886
986 755 169131261
663 55 597804074
663 586 966963067
272 992 965222343
506 204 709963148
550 36 244862267
746 67 175515541
931 956 584100652
570 381 329626810
409 720 67902294
280 271 876728324
249 92 500002948
991 385 605988455
489 394 183880562
733 584 721332980
700 338 999983218
958 991 39326221
612 551 233699965
203 836 302736211
368 556 37150877
182 928 136170668
329 967 747343467
343 177 695946044
41 988 403075296
804 743 160279819
128 350 720757322
421 602 450645673
749 240 619800391
893 795 256550396
387 922 626312741
841 699 72883309
221 717 556977862
3 269 239546983
661 441 186236937
367 485 965591987
279 505 909179871
98 869 280480380
623 757 458010911
930 982 776129752
911 330 269588834
102 120 897183323
348 162 94496438
715 183 433466760
632 94 996565675
755 8 994105216
963 437 700299188
782 636 769868221
991 176 203139732
335 430 926913259
122 304 281837983
412 835 62809178
817 950 788244627
59 687 225962563
134 40 78821271
965 45 489279215
802 934 319446605
620 710 778423650
305 442 902093217
640 681 775373388
105 282 396003856
578 74 971829490
645 837 211440474
347 672 239466569
582 305 969562345
480 339 172282420
236 758 272739416
303 225 98197946
20 896 830546176
448 600 237295144
809 270 113838127
893 918 183789402
81 564 999963887
195 144 324853368
423 817 58479892
480 933 669313511
138 631 147337916
222 607 31541360
734 816 572258315
281 366 502705904
832 129 170607990
630 241 289656331
190 653 805899986
903 43 44709896
217 401 209460254
314 728 918866309
889 62 139892675
168 630 831739469
886 132 673786479
708 29 620736523
612 984 929365444
811 372 129785142
15 669 675471924
782 250 327936172
645 679 926143736
298 922 728499260
483 472 703023979
761 975 788117267
904 912 843975025
125 274 514157133
580 578 317623651
138 85 903387953
288 391 885982442
704 736 154602604
843 126 482237599
799 611 20783728
741 984 421422726
267 189 729844027
727 229 996160827
337 565 803106223
955 511 504358471
119 208 473525519
228 414 779195677
660 469 907325150
600 431 978460054
296 350 277256776
484 637 749523679
946 570 873778691
762 891 941804958
496 770 944588014
796 150 273505876
997 511 344053348
353 155 668548038
609 248 866731298
259 453 645371736
979 667 931399886
696 22 237423994
464 953 85948256
243 206 32547667
167 657 230429574
133 913 448285170
679 310 702661015
807 41 73292520
151 864 207307716
196 644 877771328
588 705 694252404
490 268 609782484
650 1 21527343
659 144 856976822
662 244 801252917
695 450 490843382
166 722 574610323
740 432 474146229
108 473 773214360
110 166 943121617
477 62 756103442
154 504 220915015
30 419 997012700
103 311 424272959
837 113 623887806
153 547 946674031
73 570 728325089
562 270 335704779
513 288 491688193
837 199 779327804
763 52 527487940
392 329 500198502
71 410 250877020
188 186 532334663
956 985 564672809
856 178 276535905
837 720 666299342
944 391 753449740
934 855 448834330
325 179 488619955
772 919 715396551
30 723 134926462
983 340 67505986
438 834 527096809
251 835 707308583
690 94 323522046
345 872 810540376
464 913 979954083
61 197 963199035
30 646 93082016
170 619 85060264
392 992 85294413
310 884 313996337
147 927 163026
172 683 728230312
111 649 648032993
860 240 382269999
137 261 404776806
858 454 644304073
570 161 695343911
710 280 465407304
42 569 271490931
1000 592 259667698
844 994 942999839
444 837 554357265
466 405 623150717
952 701 613249152
235 457 499957773
312 485 238714160
511 633 235726139
509 227 995739236
279 369 460047898
833 745 85160894
229 725 93704313
901 205 273617319
887 586 96644568
491 720 655106637
891 960 791965070
993 876 346085842
377 507 906984072
948 215 14589904
506 572 80105620
883 398 162811336
806 372 924692829
106 120 155382643
702 818 10303489
9 513 594003299
133 594 126315085
685 2 607576671
20 898 266940442
113 238 431266831
572 637 260322946
478 190 293071914
736 220 363340904
932 150 51006252
131 274 904915649
271 400 100600873
56 17 539523776
700 560 811595330
134 844 246975549
535 584 864427784
386 95 180023053
140 712 904758174
786 704 977903320
127 209 52408942
275 657 348429270
188 871 104729807
596 575 69559362
85 291 940147267
721 45 404897266
350 87 663465280
444 92 775840569
628 126 518027204
697 204 265472906
573 300 804311862
822 234 685771146
152 680 347398405
367 96 197782266
587 572 695336853
794 137 36453253
205 879 110811887
756 714 141077837
148 791 561173253
669 810 68280347
630 984 62670335
98 476 217173994
927 549 208064320
304 14 364432788
872 126 842090862
666 967 933933578
35 138 980812259
760 515 612100044
189 773 641201896
985 695 386102256
62 123 739795360
331 860 605980040
478 809 48231434
453 230 637178492
855 375 406866391
970 890 809727891
823 68 653309796
193 379 863784955
973 737 618765753
704 609 46151295
441 741 412171461
906 316 168792031
656 442 274880372
931 723 697899096
787 679 527083051
722 138 457193010
317 778 499945453
352 894 292631347
507 806 254357684
536 901 655878490
357 318 717782466
996 1000 933068628
761 603 485724554
778 40 495727653
443 341 735221612
270 409 772123476
919 747 469897859
690 351 968677320
591 361 456548508
834 734 779046291
109 952 653442260
23 297 836064514
877 816 234040159
660 25 285082883
562 888 974180048
577 259 44161580
358 881 356011613
689 649 996895098
344 447 128331937
708 133 680554229
892 668 33418039
382 185 685900276
279 895 935908739
495 62 627072221
746 928 207950724
828 562 610825428
797 792 709167692
57 561 320152331
746 184 394725097
42 984 45246893
788 473 16001535
674 457 403217359
436 374 921815193
374 502 363239566
249 684 680396806
145 875 732324526
467 144 601070493
63 144 662710361
972 601 182707028
595 61 28132833
807 705 291522412
175 485 3145104
571 750 209469007
878 683 573229788
679 67 559502321
711 486 669881763
187 238 189179010
887 462 749990078
531 787 802553835
101 158 922386140
50 668 259161461
33 473 889223650
439 43 326938801
842 701 479552653
429 369 78960391
461 725 865029758
278 182 770999104
348 714 322819766
30 788 544547873
463 289 196244314
88 918 836784212
886 142 29104713
39 784 863672192
292 573 345101230
715 701 656290295
622 448 599537297
759 372 220699255
116 794 350138054
383 131 435865939
693 326 647828390
987 649 205377123
436 271 643577253
259 266 81395112
488 649 979387409
300 723 970731009
776 549 376832655
30 535 891425663
819 962 916774373
356 33 365503606
881 378 345765009
261 376 147315500
586 432 204490914
430 510 554125589
119 361 926908198
961 140 570838960
292 998 24165983
430 513 292219570
739 702 954292523
530 383 298254724
899 689 370490311
284 317 533333020
396 728 568086129
551 601 970864988
663 639 282223798
273 100 945595542
795 781 417178525
804 612 203223523
352 553 204396798
260 95 66202959
133 663 302709296
238 74 434079195
423 102 310657905
678 145 667557201
600 328 607855363
868 253 292712356
840 121 644702951
843 109 459212786
791 896 210806628
131 710 445157861
524 975 565815111
965 555 799883581
513 167 991876792
372 113 997369031
307 28 662214258
133 116 940035167
318 229 280295633
515 491 149193583
33 667 364641975
949 671 526556087
567 801 575700958
600 825 884456350
698 339 470848703
220 209 247610979
572 310 893803315
13 788 978020489
311 205 255024037
38 589 635422045
360 839 816659316
921 62 505610852
80 363 214459747
56 214 810595815
565 463 190863275
304 600 975683202
766 497 443864714
325 727 592220537
296 484 627844735
541 682 827754390
569 873 581374228
265 45 403780018
642 385 242320491
219 466 107348282
319 392 41921589
645 122 742264325
151 179 634034498
936 637 563786869
136 203 267648457
866 495 93014811
121 590 838958272
958 535 114429242
231 669 196119091
529 642 834550660
951 60 256000913
679 918 1010118
353 633 284579377
957 374 722392262
848 819 539669041
579 890 794636580
94 256 536942737
684 938 119930442
285 475 81433853
920 860 37302440
864 504 294262752
817 249 906287401
229 596 982812231
129 846 544312046
321 696 45796725
90 369 331447086
623 846 708552135
156 425 762932557
661 768 958995259
566 876 331916815
537 54 892913596
489 490 317552896
229 391 123789749
935 69 558972115
18 869 883601653
402 193 774316224
348 478 505834556
73 413 8848505
204 37 802482316
933 807 167701148
359 951 565562559
195 132 835533145
255 417 380083742
231 471 342706335
250 713 93428908
812 224 145204457
237 438 573598456
196 437 530170087
396 477 835482351
670 438 677540596
600 555 430531311
51 455 529794618
981 450 301127690
67 506 309961496
445 242 991684645
658 128 210866764
865 349 589041845
148 346 977773374
130 385 86904712
351 588 612008495
570 911 500198678
686 234 826830348
92 726 482711740
430 178 566612623
16 681 275530034
613 953 583875197
1000 634 88013057
170 953 970062924
582 775 323054733
775 510 463442369
854 519 588167657
405 847 904170565
0 339 963802213
94 801 285532410
893 476 939025338
957 278 153992213
993 408 842113031
72 285 604742816
143 484 256738428
598 679 505036009
192 993 141022598
594 530 488911846
701 168 483158931
249 975 55479759
951 145 45936311
571 516 600080075
267 905 222709126
207 384 965352070
142 665 794716028
294 833 383509060
541 381 166428328
362 276 870799750
424 154 869093671
134 43 344797537
901 800 790413977
367 976 286268211
180 460 991903410
452 998 793810144
780 636 23799585
544 385 674002148
716 923 654861161
583 948 41659147
766 383 233706439
737 241 722868028
16 909 103502657
590 367 734944025
843 493 515662938
601 23 474804681
377 402 778504857
441 360 717568758
3 1 101182701
403 943 899291169
474 735 751872714
264 219 885530436
150 46 367054356
247 899 116822016
29 925 38100084
731 677 638899601
788 641 16664667
567 190 322730562
671 291 9881258
147 654 126747393
254 745 380887873
528 230 277373171
815 456 442608234
92 734 512026307
427 557 266165515
163 403 775111879
965 315 850163944
797 7 604923900
226 777 20362592
210 257 404219457
623 263 722826291
604 852 434734820
342 0 161125453
606 382 87164969
166 464 429748042
45 330 173205367
865 281 168078248
72 241 732725143
43 957 490144316
460 800 309556442
271 776 895304673
901 254 674804224
968 197 362166300
565 671 350903955
885 562 236402755
281 285 277157081
467 273 794588890
826 753 870641747
744 959 188911702
127 209 691306689
341 482 860114990
821 494 774155127
35 276 497748803
933 930 270466146
560 756 398006168
996 66 976178392
892 725 544121120
289 52 927863728
938 688 351325558
93 901 107251627
828 230 519583294
749 346 41862522
122 781 217867545
102 456 938088320
162 545 470744578
644 71 410831990
592 493 340424789
627 406 483788881
505 782 995773881
235 22 758657105
537 932 200809285
647 26 737171959
726 875 588296585
375 170 229920792
562 8 119381980
653 286 590808627
950 210 97041660
867 962 300842696
262 24 535033162
459 891 791914269
585 517 334285373
445 739 103593233
633 477 292266884
277 630 748886454
391 281 370736785
152 849 951801790
498 943 164661084
639 750 328025605
249 129 439090812
844 530 862369258
482 534 519102637
165 370 23367320
231 556 77479607
936 211 48234493
702 442 420801538
995 937 285266826
284 707 312551828
163 14 384021323
671 934 831365276
141 62 554554320
940 35 18885538
956 204 227308424
957 672 67760527
593 345 948616054
76 545 482223558
268 666 868780640
590 172 930331985
343 995 570892778
685 819 900776324
737 17 338614895
668 438 442926727
253 70 673854505
929 899 589697151
546 704 421917329
184 154 586420481
294 132 754860244
947 678 324029745
586 892 258442723
429 887 207840746
885 740 508856488
654 285 666198301
129 985 709805613
186 46 101840029
611 853 73834633
330 520 468875713
487 502 348272281
798 537 375976555
529 961 754304958
770 676 767538758
774 757 26577438
567 5 240921032
18 431 819252853
134 826 411819059
241 216 456122871
455 1 985911641
744 523 138099830
778 7 932001147
342 13 955664290
846 750 702537927
866 414 875502812
324 635 464783394
279 977 217621665
375 475 469413887
262 184 946695864
478 884 33423050
455 592 117289645
516 898 342871638
772 480 989196226
426 811 626234340
838 73 472770620
943 711 956881359
924 690 370083371
465 0 29064333
408 74 58186907
509 341 238160958
594 798 121534199
770 975 656480781
827 248 688805237
489 430 254089433
274 348 611498865
710 106 139728926
905 319 2141744
25 755 662785185
875 559 138779493
584 865 902882710
197 100 671134976
737 449 277874687
340 872 339562898
317 468 335438725
147 822 452667228
406 147 550006513
186 108 726648099
203 580 737879808
653 61 111980027
333 728 645540203
43 809 862172503
349 865 649305271
180 502 641677776
994 776 82104359
752 142 591381911
707 946 327893303
765 533 429139834
416 226 803570487
814 130 340513371
500 671 936600466
877 380 899171659
491 699 963681571
877 694 591268944
655 525 86614428
873 748 820371105
964 329 995661685
761 59 345272656
735 768 201835638
69 849 971753897
472 124 162226711
956 976 965478227
472 762 874309690
967 156 494123824
455 366 201698796
105 159 239125771
726 299 223447983
288 345 402440667
119 873 435541770
10 296 251122253
358 684 348171547
576 775 441136031
212 515 532110018
414 341 519966136
924 600 952766898
960 642 772820577
413 787 455648712
700 605 588056903
142 499 819391955
480 576 744455063
934 276 497888512
726 440 651493307
19 892 845819583
861 325 696782446
976 731 153780887
37 38 229418475
819 570 232908432
623 324 222559492
703 840 325176793
766 375 363239619
443 249 398874142
992 714 729238108
764 674 877886742
472 924 496380447
384 257 336401520
981 702 15498249
556 722 78827817
953 277 716978846
759 994 922406828
46 125 420957870
236 73 600034349
554 907 373026035
715 759 192116376
932 397 124480152
962 119 649488429
215 870 25742280
496 735 16460516
523 667 803586009
827 4 941168107
220 654 902911845
323 664 422693496
283 11 247324534
704 353 476329741
141 771 846235997
341 5 391683648
78 883 42211461
361 816 606524217
397 138 403325226
753 89 40659365
713 753 258537685
205 760 61775308
370 926 400935100
277 95 23241895
375 832 360044863
770 112 371101793
733 485 344380357
21 330 50696206
0 547 68118674
384 399 476306875
315 164 503974085
37 216 180485023
559 730 645615258
281 705 191178735
2 586 938495660
25 280 838485532
394 167 597419864
895 954 74894246
942 450 885811409
550 475 283708962
966 808 826723657
269 441 325252991
884 691 331031487
334 481 372301059
19 130 188470763
207 372 114103104
338 571 717032974
18 605 811296078
455 195 191305975
507 87 289399150
529 403 124644637
688 238 200217564
534 308 298535255
442 852 570356614
427 853 147423126
20 541 514349388
347 781 294538252
79 921 648403177
241 524 50173434
354 305 297828765
387 139 322992915
278 458 916772540
50 981 641400795
280 26 227630062
6 760 89398085
466 431 964109998
241 71 326342392
989 193 367913762
444 757 998567884
554 421 616076863
135 898 783351274
896 858 565398422
438 323 929758010
56 926 638048371
435 489 956092972
850 238 659362027
404 272 897091893
458 718 78386066
4 590 274628644
497 688 3909741
287 201 6129844
552 74 880542401
800 353 863791181
224 610 530426952
339 697 658839413
816 900 269344056
635 18 744183969
906 234 853449569
954 290 168981205
481 358 36703362
635 618 943541523
353 937 214048576
438 753 940064759
351 986 329307050
985 28 633013786
238 829 855829581
882 237 703873184
941 492 338598315
969 749 88462795
785 844 687412306
190 606 981895450
270 677 466617805
533 865 814377025
281 717 88061191
779 664 333695929
842 256 513197599
962 288 171842794
9 639 220292474
639 242 60618709
279 914 867916010
378 809 212725440
468 732 959322852
616 236 689900027
69 328 349970761
204 950 663334937
331 642 256300459
725 52 35123542
505 691 508399661
806 217 618886159
843 152 985676831
270 135 75054954
361 529 449091593
269 224 64054711
127 471 700436142
468 684 618266628
617 307 652770826
309 360 18993555
853 797 895585933
163 710 15503778
653 192 776918888
620 685 693704204
954 527 493351240
865 748 550379301
401 143 108798544
444 881 22743977
908 637 559470394
299 405 692636306
561 373 1991594
374 972 929640117
116 406 453647832
740 115 868739498
335 346 109762968
389 414 713526383
561 880 668550810
995 893 749391116
488 900 987382212
359 89 299887259
55 117 408475685
650 798 663242050
368 987 771770117
745 217 237548033
971 85 728473574
389 738 216123652
671 837 338115368
461 731 18995509
18 775 981069065
487 642 553836794
627 875 230674678
747 792 730678860
414 814 364064560
424 642 771054480
525 13 472512140
865 467 630806805
244 303 947448213
566 924 211683122
400 530 391843560
341 277 923601814
543 718 210723089
971 664 977214529
146 298 441463241
656 279 78864562
675 95 54283470
627 411 450506180
369 691 210263395
334 983 951808161
365 325 674674372
192 990 56040341
943 913 964671972
734 940 243718132
147 125 87271563
733 576 249700967
256 592 575719045
756 977 629610741
916 97 523729667
951 105 831331762
377 274 507054042
725 728 209200826
937 923 710464991
377 993 519281501
748 175 551982221
674 872 927605887
589 756 150685451
738 240 951857408
976 434 908328718
789 27 119399269
19 210 494811159
574 713 36348467
572 670 287300466
895 396 910265673
573 772 216158617
894 173 509144898
585 852 773246146
28 713 705070596
977 774 111952394
587 568 932886886
553 381 22902467
550 604 476471192
730 918 123647258
381 77 991740675
393 547 441941185
931 59 525735017
177 815 438241013
723 807 396708942
829 156 273110862
501 296 314770541
21 133 734698010
330 526 913102973
146 155 284949506
12 896 539180812
615 542 634766057
58 301 379021519
787 249 475465117
282 831 780678494
433 946 465826991
217 199 982519909
951 849 791792091
619 433 110944814
197 345 29020999
270 766 171473621
117 941 127233978
111 386 887834318
340 658 589701671
56 200 144125085
923 654 355294492
623 124 814518793
409 532 187733342
728 422 668560791
134 244 111004926
285 829 753811815
74 975 378847475
65 207 792710380
886 768 12292825
244 210 283109833
203 382 792602076
241 809 761776557
451 772 454794686
782 541 793733938
257 316 877434336
134 721 276646943
961 766 482702613
191 637 753286876
170 740 866898099
366 59 563638383
735 13 268859304
8 165 630920942
299 451 236085280
435 682 863110142
266 121 53413130
778 329 247959530
597 388 907602257
17 431 940915380
533 101 795906619
563 772 600143733
571 798 632875649
551 280 122209884
887 665 586159698
274 312 695425001
138 768 544283866
999 186 586956726
774 158 632457259
44 367 446466287
134 547 190129184
892 25 596529589
269 49 499309331
715 79 262702708
657 145 81275998
524 233 44431422
159 411 134468491
488 218 531367173
645 268 616055016
15 274 709616839
740 852 41892115
269 244 867608865
617 86 452960014
596 809 600886866
976 510 330755631
118 388 388970682
562 802 74313790
858 741 710203371
944 675 739979380
290 791 871940789
838 335 725016873
249 54 328903095
745 353 512074320
21 964 99982436
417 809 411204997
915 770 183011358
194 583 869497098
657 6 822056945
415 215 145591641
784 142 582446926
386 639 607251797
57 359 982815125
54 461 836743814
56 417 285049534
829 171 135248470
81 985 47243231
326 969 959470051
426 526 740308210
175 566 720147909
580 223 107154675
414 842 977950820
418 384 504470860
475 94 76612810
417 242 584143727
932 499 836705073
930 254 35304853
488 974 578200469
174 432 763969744
495 292 458272311
759 120 185585773
957 894 421185169
68 369 207645810
639 311 109055689
279 773 108299411
791 176 108598358
417 693 241724901
120 408 894692192
3 391 214502112
449 843 329282261
862 471 640645510
12 569 521968058
855 612 395998083
55 639 342252372
5 876 129555234
136 685 314057971
407 624 969148073
62 1000 201165323
358 217 179654580
177 16 268793543
199 788 135291480
571 840 273416673
600 115 504300164
1000 69 570721924
922 777 753145643
646 704 723864696
452 621 321115295
966 405 388280849
564 585 462172148
390 333 756046066
944 338 429470030
5 55 933120607
522 846 606843691
782 455 28914829
610 985 593067612
426 904 401717281
984 758 67508273
117 199 553688008
281 144 856163512
56 404 274033996
937 148 96108995
492 589 236357860
93 638 14878490
430 434 34291364
767 862 95007797
594 705 346203828
909 366 770057089
684 891 209122151
265 316 367630979
58 753 856985524
878 564 595261604
58 616 761917062
568 118 133185191
66 556 847100783
151 503 13187513
972 276 514198152
99 102 848143521
235 780 522656574
462 930 498839579
217 698 576383897
339 868 144798651
693 917 329858162
876 268 191836986
278 414 393598458
671 342 559052092
163 224 810806508
499 378 199458184
337 907 927247834
351 197 454571486
915 358 268352806
59 502 630584833
847 479 230433297
736 856 201707958
700 401 961195168
778 849 842177775
447 425 986997084
50 224 133447271
215 423 40174477
12 240 648211157
479 555 66600870
548 83 366124779
550 608 258750973
602 374 101188291
63 48 901168834
789 92 729042777
416 346 288795011
246 469 226384019
535 250 281080143
92 297 973501042
19 725 479231656
572 708 940337590
319 881 998580758
222 372 382839388
113 666 759723172
255 368 8378032
528 694 90287191
111 104 797882758
78 127 394813521
908 685 902868839
811 81 560620706
101 465 857607390
870 428 657691535
356 546 718787187
48 156 795850618
942 602 12082575
753 170 173768599
268 421 82753847
884 843 912307821
850 394 935697040
983 252 599939821
314 285 226729776
823 491 413151353
60 296 829880367
337 372 189153745
437 647 168398126
665 143 29727145
224 100 281851177
630 674 156307578
283 299 130654486
92 866 132853329
129 98 975187241
654 336 45859248
526 290 393017212
387 376 664731017
650 696 851620934
362 542 325846976
503 513 869917461
458 869 266640579
937 176 504180706
843 438 880702876
202 856 913649888
679 282 893499639
105 360 331784476
86 458 164427019
838 733 493091492
376 746 80835194
184 359 828573455
79 635 304934134
906 841 165800324
47 667 279086140
977 594 906641398
740 490 864972209
454 800 228006515
243 522 565057481
637 545 599509554
306 455 266853231
865 208 526901467
959 323 31165119
653 730 21209836
338 58 996326258
500 829 903269367
657 474 534884418
121 563 425634911
137 303 298554898
990 435 175432253
180 72 93354778
201 19 957511231
730 884 565891126
619 681 69156004
850 350 434441564
748 692 864874533
681 268 83918822
841 895 673511869
194 374 106553675
179 967 191077207
68 153 243373207
627 338 152124101
882 160 557270694
336 66 204274075
55 859 691769735
968 132 575602003
352 654 321161280
888 456 473886394
124 482 647938696
991 398 355770941
589 855 905536285
408 311 844140450
451 59 71614870
312 687 799977547
755 527 49640963
123 429 635405372
654 274 354788525
381 305 99528509
735 339 638680345
192 106 830797029
272 658 111580681
960 933 934721940
99 869 518213881
754 156 943342284
465 78 355905662
258 65 545993907
591 835 285149386
910 939 774079669
228 605 230613110
288 660 666944034
595 976 384833235
388 805 374179768
465 600 446870610
199 532 389318012
530 966 288091160
381 560 24974856
695 466 523724341
897 185 269466941
568 46 166910428
362 78 551912885
612 381 743619505
954 927 978336139
165 133 792390309
479 656 973839777
64 825 985362657
24 477 707015478
25 95 486005102
116 895 569452279
562 179 481005977
89 241 640400115
352 359 756865516
868 214 896885326
143 123 222759899
998 715 294965538
732 700 461274144
630 501 687588140
78 425 188966664
182 987 224238132
351 327 941529095
371 203 112530449
963 128 48619128
591 538 824751503
308 791 281154359
751 798 804184749
64 760 720455117
481 143 143444379
173 898 427351535
508 478 642727430
409 734 157250682
508 134 186088203
300 696 514902295
609 471 897905264
546 144 185331681
357 805 350505910
362 395 142755817
726 787 420586278
6 313 595539140
37 310 473322785
595 198 157739812
273 424 820639958
439 146 48698473
4 862 362640042
937 544 246624103
180 845 985661902
700 667 458307957
31 368 265866246
287 945 537043976
396 522 208070328
360 937 549062256
216 320 82151042
338 645 474790024
215 153 979841848
497 776 279514007
384 375 956285828
134 935 968000792
442 660 437182862
325 705 940467714
314 967 879661694
678 59 206588469
719 827 444634725
911 849 450623606
156 400 105481982
256 550 506196265
968 745 720147817
871 691 832642039
984 604 628906056
174 878 942434529
421 693 912967404
453 599 135044166
175 997 283651319
474 54 723566208
644 15 497148317
732 507 685957003
824 615 229133998
571 714 477647223
153 794 482449857
427 242 877706545
153 492 912106500
726 1000 634598259
757 202 930243574
129 890 311155679
623 999 110841313
883 171 432396330
238 574 847628047
872 578 586325226
504 89 823690829
557 378 976506454
661 256 115907439
60 848 362042003
769 579 541673864
484 105 719083196
590 335 493576041
743 244 401313642
954 128 248614458
264 50 439225493
400 892 891976524
246 143 628909070
231 454 189388397
817 45 566081780
120 684 67185251
331 521 75972351
873 637 833420473
378 384 710449532
118 16 438698040
457 148 436542551
733 904 771739475
523 874 460923729
367 430 422001022
543 264 386439822
92 116 215868104
877 428 161284768
394 911 463704542
172 416 404270405
100 692 17106024
356 831 712660241
846 485 638444432
821 98 594696103
479 884 963520308
458 421 777460967
982 71 76855120
611 26 633806943
370 656 898411320
615 133 227317673
415 825 439228383
163 412 278898386
266 66 193294725
718 923 30150071
59 508 924558243
75 403 22149487
555 360 265115227
151 956 539092528
788 863 851998968
748 618 490900363
187 424 813575329
620 809 764809009
476 799 735731412
601 649 856679533
624 348 136047097
351 633 277518117
86 330 566164518
710 441 824560220
340 869 708588247
573 304 750906957
847 811 245393130
120 79 20234218
656 734 721903757
642 247 464379127
250 480 595098959
348 677 719397775
66 727 660891068
80 23 421173186
202 932 129006138
322 167 904065135
992 806 743269121
421 538 396638183
772 979 371984680
877 594 69741116
900 522 189776675
299 918 257836028
667 562 991630779
303 115 27915401
686 947 33386164
743 414 531835288
829 471 476053795
727 504 47769946
239 999 448798950
476 27 63905082
713 425 482138417
983 869 62789342
756 204 470961315
524 840 72743535
747 226 530346885
867 657 881884717
508 563 665345264
916 329 404715541
853 434 655491024
988 60 60742119
26 216 191172486
293 838 466105184
141 983 886934210
504 805 904682341
533 515 97799517
328 988 847540522
548 808 708101205
880 84 169848319
988 508 689065469
575 879 481158038
70 620 785202545
458 461 426581158
333 342 390973031
79 868 454568258
663 214 682838442
723 41 438111205
651 866 902463678
528 937 867484200
470 438 837212138
746 32 186165240
113 163 263558000
402 197 778730045
780 891 660983139
163 251 928545538
133 973 20627625
873 645 846448382
162 499 316568634
506 625 973400209
208 651 162126027
174 747 58105522
139 989 123934904
347 868 77208355
902 896 716405528
205 833 230729964
945 39 854706051
551 889 952064669
775 11 886599001
328 846 80028240
194 569 194239961
686 550 203610160
418 205 934001040
458 670 141090895
423 515 165284754
977 351 304235244
549 902 849130508
331 469 306883737
255 953 725423670
173 34 436616018
346 692 20288247
356 365 283045554
805 564 462834578
655 741 74936267
507 708 53419767
613 615 202022448
60 403 188816488
659 271 112120358
521 770 964002004
418 203 3445219
4 351 39045580
83 518 773891252
50 153 895999724
127 271 455402374
518 29 491643768
530 822 677290075
452 566 776058607
324 787 299235047
446 990 168951875
689 683 640327630
438 442 604156662
206 389 590325741
913 992 310373193
363 501 404655134
143 622 119517765
728 559 449906882
676 624 374467463
694 983 479400690
32 893 510427125
450 946 47294391
579 137 284781719
811 723 75405379
472 317 258688442
642 708 600987927
835 402 387813285
770 601 289006646
153 322 67836658
560 937 212363512
408 414 778162956
689 888 579587458
998 888 871259843
986 914 864310880
876 64 910816453
443 211 165494848
159 113 347600460
171 824 417450595
380 949 170675733
255 928 717411846
452 768 146606577
99 74 693558091
549 629 268621087
389 34 916220679
305 985 578987113
948 350 225260425
643 669 696388660
329 592 476321810
423 294 63641022
885 527 836577342
135 693 446969721
277 330 847503196
951 775 635227444
395 294 613481961
439 644 200857492
768 363 864670868
450 875 618485527
200 336 85217406
431 472 788115162
96 925 297250004
904 822 47816276
773 57 657919790
501 121 801320423
674 773 370180490
562 626 175378986
715 737 317851058
838 951 209227764
733 378 336854590
155 994 115142314
794 322 684932762
783 151 908819937
546 158 113944366
837 150 379707058
717 610 692897604
552 449 764320469
172 122 513551624
597 800 50604083
240 249 580379065
559 114 260007102
247 639 175304343
610 472 626505840
46 651 693926309
149 418 677727973
45 42 489820469
878 788 911031971
972 893 880282065
423 829 333744574
449 250 758705701
526 59 747586146
820 189 563008294
92 383 852798428
421 340 613332679
563 291 569486879
248 166 708112188
190 866 535970948
138 618 652135123
141 663 910622978
824 746 929186089
285 763 222113439
253 672 455353501
13 521 453915462
67 757 188664041
191 815 899224492
237 794 304881128
372 431 821173872
809 654 714564133
324 642 641030930
212 818 164719541
802 698 698428378
364 797 28177880
977 787 39265724
816 766 764603488
811 786 653473262
624 601 484117517
410 363 798888255
798 291 338875735
382 524 890620010
227 971 229535233
127 276 651950122
154 58 626357350
283 278 696301717
779 240 372691607
729 378 180343159
766 67 23759162
456 950 219511235
477 871 959407183
731 726 860051894
165 271 794899919
67 631 685379329
495 740 193820838
532 554 531808421
111 713 522361999
814 899 565297855
7 472 989818231
792 200 389060729
435 465 298969093
349 153 998270745
746 767 464571194
834 753 240076038
467 994 290925347
274 286 736306310
271 408 33834195
555 47 212590490
45 339 676528578
180 158 546533483
237 262 601855545
320 995 765982108
416 847 316852685
325 863 450784416
70 8 554635541
569 887 843172739
517 995 356474925
115 86 639893676
522 329 762443592
551 426 608332990
58 828 639912496
535 536 431300562
800 781 55314059
425 742 778018580
706 179 158944011
931 473 555789078
45 19 74723106
760 979 216678835
52 997 527686769
523 619 289296303
932 709 175278033
705 836 564669997
732 739 449435976
506 10 243555926
862 712 705313205
716 154 239671727
414 974 267333340
340 704 247453675
501 433 312339939
417 777 614223232
549 933 563362825
246 112 12586882
276 645 761134472
143 855 695602462
62 94 625521739
203 98 5167243
151 860 202543258
791 41 507666214
156 680 230307444
385 285 552450693
42 260 64030542
575 437 684643147
824 467 136689903
942 835 801433906
250 175 864852567
32 425 61866145
309 671 636958028
313 778 594288491
186 812 293026459
475 874 901695865
556 282 320592953
265 326 855746517
479 400 73757459
197 185 487177490
307 963 188986018
9 170 120133636
43 483 90264867
812 971 194750607
347 441 215033761
112 832 808993537
813 242 943809491
117 721 93426554
27 482 412017319
60 108 13722626
317 926 608633268
663 62 651995346
501 585 813921849
822 476 78937433
392 31 647503173
475 886 62014754
168 28 911639035
785 7 466524931
534 86 423357747
219 500 383904410
874 574 998654560
840 111 65662486
121 621 670522272
93 166 168398323
531 913 585859275
541 583 481969743
233 373 569179667
272 816 830710830
562 240 391602427
719 682 776016991
976 747 62911116
754 34 287815878
185 227 517671770
410 301 203923572
387 301 726124342
758 428 377123652
533 799 230496318
698 178 737755956
693 378 850411300
630 52 414821418
642 567 570395107
11 868 654092506
539 863 120136583
237 560 162385107
569 428 185240312
391 536 519475654
846 428 148684436
130 202 90360913
405 946 504481958
169 718 531786347
978 790 943772857
76 846 317222604
100 510 396849995
936 806 239031644
76 558 842582857
401 792 708685112
433 881 718509054
404 250 499867322
479 867 625639834
860 329 715243479
567 697 599871111
803 796 395027086
614 748 540492793
449 262 523554591
469 291 952553384
93 991 762222873
901 870 897587491
89 639 110887469
299 395 866689459
581 344 59085828
492 270 584250444
425 195 937247980
518 81 230089690
147 149 205017680
824 977 674683373
580 702 881593578
890 619 346593402
167 53 268775725
257 135 974170581
682 901 789845665
915 762 783290779
283 729 909927397
314 149 704516267
797 643 972176676
725 884 104550129
777 28 961215791
783 709 290673976
890 590 346984984
118 391 852005294
228 925 383350097
214 424 416811979
241 823 586672801
472 179 122850726
806 158 279432583
391 646 656787510
205 851 180879128
505 717 553079623
788 154 316955034
631 233 900727099
361 921 186184328
974 785 27944648
132 707 138403188
961 670 910271190
376 369 501182131
354 993 599622870
289 11 882038722
857 910 656904414
535 348 760658020
407 50 799963250
357 427 49237137
523 834 751647895
823 836 320411413
913 132 155619862
921 368 462618238
688 950 269528656
978 509 824821429
905 566 763026676
712 364 676724695
384 791 356808310
664 635 816934155
499 568 55525988
191 996 977071947
592 494 341541205
772 786 573881869
110 502 401289872
187 956 588627010
933 297 811221966
484 607 917306485
549 190 405558531
787 274 85953778
14 400 264320872
437 471 93444461
513 919 388033774
888 356 842658021
173 345 48865054
79 559 779509368
380 951 747018935
137 818 772220104
34 463 123714419
728 25 738375800
592 192 15185802
399 7 701122275
629 172 377897654
193 716 319295732
728 507 903803895
60 588 40644762
956 999 115895122
824 829 886443363
623 105 474433175
929 688 739013468
203 281 484663652
114 431 864537518
132 686 879614964
986 64 253498965
352 155 672092110
584 902 927392567
972 386 104992634
639 530 919165144
34 176 453876374
407 389 581890876
100 897 652209371
209 471 402396061
180 407 684010955
932 451 357227711
329 629 721653577
173 188 907325597
448 816 932202735
344 235 257762126
677 125 327660955
940 186 100368635
523 526 759262468
638 255 779694936
68 562 90136184
652 384 801010628
603 914 360307832
634 744 443364450
811 882 190699067
287 933 282069365
789 2 36532819
766 625 86551923
691 493 575359932
318 334 444610523
646 544 536064978
209 613 814836761
932 294 108643556
324 483 886251087
356 483 215298936
321 561 333303666
248 910 994983600
665 74 943973870
902 652 850410899
981 472 915285164
276 680 553406649
751 21 664673009
738 725 627784316
950 515 811154829
702 136 426075557
676 694 191928840
625 712 540989661
575 388 124190777
840 686 763093237
647 398 446132826
366 419 694178270
646 577 903786055
194 388 950182894
173 426 801215648
688 433 281978860
310 622 951281220
281 844 174769750
379 332 340439371
620 150 612871765
259 533 55300956
772 733 901756980
163 953 425383999
858 276 15500018
973 478 457692326
752 997 929802050
957 19 750068735
530 710 113788912
310 952 121959069
606 766 83983232
444 849 868115696
818 751 471381564
23 417 552842957
159 83 137017853
838 262 470012756
541 933 857931642
193 539 6115009
447 562 704465539
188 265 398334720
963 958 16736090
623 852 461425374
344 607 849419155
936 458 146213737
366 224 723430230
497 718 276784373
618 950 114337520
609 241 6143889
865 784 141257121
376 4 54560006
904 377 795771190
440 266 424421506
565 553 719004144
114 938 931988385
779 548 251080087
648 667 177513402
694 866 870008219
971 984 691262106
411 267 978999941
890 643 304375931
455 790 619665833
933 412 833220895
549 439 898767871
229 92 13946707
431 355 637560235
388 643 515459997
14 352 642589537
623 37 810752859
907 980 31721091
404 394 493133839
123 812 539405444
999 748 847977139
558 174 289617670
637 838 620325637
877 437 653084555
23 399 290575923
88 448 315502449
188 565 281176862
211 505 280561803
171 762 519355503
42 909 664314627
722 805 108351793
587 338 397513426
266 658 974509416
471 165 473685698
136 550 130863415
537 421 253095668
979 476 304037183
835 248 90142183
69 836 945131491
773 474 179531347
238 665 215475980
684 579 432770450
200 777 151386968
626 573 126190519
108 166 414246587
633 719 181194472
620 656 755719210
592 487 189904909
924 562 347224825
510 519 123581293
221 660 30183733
295 321 305345843
539 137 215722114
916 973 71624164
190 582 655090192
996 202 471602332
944 761 926411157
698 597 862156825
561 122 672934724
228 522 122056370
694 159 411684694
975 881 377789357
716 408 189872371
560 92 896746298
371 65 280773253
83 435 85607832
414 353 296366557
718 417 796942986
658 0 190622810
108 920 790942424
578 79 469729240
949 577 900038765
162 793 879549851
848 649 60002288
421 699 815651453
850 75 79337196
701 148 742552853
240 962 591916064
854 263 948454670
392 360 454730491
726 20 819321147
271 260 819234121
936 432 346505495
861 501 399383745
371 243 20018846
966 352 712060889
579 150 354566262
69 781 84759739
552 696 114586050
874 603 850672698
429 257 838745390
562 332 201799725
951 808 772446420
163 445 774589246
252 280 165780847
314 485 995743428
132 380 748146120
19 452 814141771
364 826 182729320
857 796 151957417
15 452 75990596
395 98 247214648
443 237 102978778
621 993 774477385
590 210 917461750
595 539 319928326
692 838 459144922
581 841 465929463
374 385 575991058
433 202 43342156
489 873 391452723
855 97 218620935
834 996 111246389
644 501 584302591
191 534 277334356
774 146 933122565
455 60 304453094
110 286 900072675
357 108 207571215
280 781 78724214
97 765 398755648
634 460 742944166
789 511 423261216
217 513 92590312
546 400 246446910
881 546 431601949
118 185 416833473
321 773 372776696
38 28 159018432
241 505 160703314
144 344 624686371
370 837 431845248
769 146 879575572
971 928 584741135
316 857 634400324
498 56 938495899
183 104 990694808
137 326 525230586
917 7 153636982
132 385 377755531
506 401 55729490
947 987 919371032
973 433 379984298
548 290 132243405
689 531 930000879
49 857 492313678
916 187 243265495
177 883 863794672
421 182 520695099
732 406 283723152
887 791 958704422
718 406 660220593
493 188 471882562
523 371 329704570
505 411 215484131
770 657 699022734
150 455 266285342
913 725 195680396
734 590 755130275
421 425 264453278
832 6 478184167
349 180 312360699
298 569 6725331
684 316 146619598
97 961 275947014
331 421 834561071
902 554 806092982
670 29 751115731
69 722 748101026
824 957 495089682
724 229 468354767
553 805 60036908
14 337 522146656
720 637 510981771
900 96 728337776
538 545 789186342
383 809 254953404
510 407 828587689
280 454 493771674
996 942 455718186
925 668 983354642
535 932 301145708
230 774 886643383
708 258 591928333
628 837 632964324
291 46 103762886
339 460 306018382
32 147 76649725
548 208 245561111
711 972 545705738
80 561 8993238
607 86 48272798
871 16 143253264
136 682 166201073
920 289 84668995
307 247 211714216
978 136 924554602
745 394 622125012
978 415 573491870
591 921 498184400
871 254 361183830
933 698 67101411
382 748 221229340
750 435 474202018
901 835 460256850
75 62 643758293
612 679 609739051
408 469 994899141
171 675 598823342
521 964 73856519
788 718 107447666
303 565 211015216
527 504 125306563
393 701 72310260
118 682 172846153
692 801 97885705
957 658 858390568
456 854 29355966
414 919 599217384
564 226 737453046
935 759 279181582
556 61 24817894
264 868 761793115
886 949 698491657
339 480 243426413
678 84 762876108
995 111 514576553
72 176 808290293
752 927 844747506
560 598 364838666
444 105 976478573
739 81 28489921
154 58 862035077
395 353 626202905
412 196 11208159
157 358 601831220
29 62 464711879
963 566 235658739
151 960 983354968
499 273 30737709
282 324 778739415
32 706 959865770
731 700 848656338
97 303 646439344
797 639 44081761
673 600 296259276
385 138 384302733
373 815 446244684
559 368 694865748
184 994 385333345
761 303 123747094
908 715 302778188
961 435 591590611
0 338 736641347
880 572 70046920
229 945 894256424
112 511 306958494
638 36 246963028
310 155 618439718
670 718 603924455
679 704 973555819
752 528 5858256
858 79 457132727
972 947 772984014
18 531 585954873
764 612 544677001
886 665 426816215
103 850 215326138
580 0 650640858
425 536 46689407
620 337 831404718
485 478 921300702
886 907 781287075
947 331 762991399
899 21 995279582
104 772 41443821
302 132 248810168
310 312 416280027
766 370 21779799
71 31 191222689
969 546 519143204
471 74 640523494
884 706 588909612
924 155 60802107
863 705 93581726
60 100 257804567
407 483 92409862
617 341 199787654
616 78 831259362
274 181 249151352
39 739 530660515
281 859 767732310
321 699 141025753
444 967 973283020
297 521 534461895
513 155 149771718
591 212 991047312
687 211 697917165
376 677 18145530
608 700 27988616
227 329 416574619
134 11 164878000
64 903 380636545
731 318 472749467
215 901 566784193
81 232 442733787
486 345 867936741
692 424 76002400
382 543 337814794
272 195 267760353
949 451 518526703
835 444 786510003
721 779 940412707
432 328 255661441
275 389 115174570
369 819 853779132
57 119 728772818
855 268 125706034
747 81 976954970
307 18 245391396
466 431 333619044
843 433 958486762
758 56 752806476
510 422 333773149
862 133 44065962
169 322 19694333
982 527 827730460
227 535 500413964
19 337 638523855
114 317 866147144
696 248 687120244
931 891 277461559
670 199 893782189
498 407 963213679
420 809 430558939
85 829 299181174
824 686 451609989
696 536 557726393
941 485 945658669
541 57 428255695
626 755 935841104
777 454 735823350
111 482 808882471
816 163 182566410
151 725 112939965
839 654 657226177
278 586 920184004
815 581 574726265
366 427 666059002
28 74 206383547
405 665 41629924
925 827 453276604
291 209 856466869
734 689 52997710
836 31 154346800
237 442 471697213
959 237 13368894
700 848 762150241
432 428 914550847
413 414 258410505
406 335 561187822
1330
705 424 28016774
770 261 888698733
72 593 668174013
329 246 340413114
372 196 355416720
985 316 284836005
573 430 632706638
116 486 109603391
236 67 617821733
73 980 502742339
847 849 615293817
958 657 27597849
818 848 200246920
811 322 132681220
592 722 123100613
246 904 95026087
456 60 128216521
733 762 295890463
885 426 272537257
897 134 94715492
895 456 852839080
790 230 103221034
72 399 656717917
448 695 854030997
535 104 242677569
400 155 724266662
346 459 387256453
278 565 198491922
401 993 762792418
755 253 274297688
169 321 130869722
313 165 154150672
904 679 147018021
965 390 538178437
749 631 197963493
764 305 208801935
312 498 155463025
619 291 992631571
848 226 777046497
778 449 533412456
509 541 419215586
46 917 230271561
567 90 324392527
144 285 391358745
421 289 953688703
121 699 28822275
668 996 917897376
711 889 560393996
342 568 635643795
980 402 281529273
923 381 311413087
175 701 183354815
870 690 901552136
738 60 315485361
317 141 562800309
430 681 779755416
326 894 124249590
428 207 730437300
494 508 713932341
400 698 384707950
593 576 571851663
163 561 320729753
14 797 57602397
732 819 498600067
988 850 781556515
987 418 631089429
867 250 73704712
658 729 185695634
183 945 345564458
420 772 116711596
191 582 392403026
341 447 972694993
692 170 294125268
126 162 643546604
69 808 48716367
820 115 99788452
654 94 688397067
186 74 990583556
262 133 267726255
747 888 594816015
288 441 213720741
381 756 375644449
325 471 904337575
532 325 780669092
940 460 483743433
736 203 238404872
506 416 959276169
811 285 818589682
50 814 385796282
754 622 225559656
404 44 314462338
119 945 515681988
344 876 231209213
228 592 45901870
520 825 891522359
861 981 228010336
421 698 493171613
744 388 914119950
274 799 233717791
899 313 306810822
188 180 771532564
158 966 29907910
644 397 664088416
710 525 459742511
41 622 793598254
249 164 367625898
639 222 11789261
213 701 969123456
584 955 255086841
358 645 638617259
326 690 884388558
828 920 135161412
587 474 254086828
540 290 714199840
491 965 134227719
159 778 852131597
472 607 763894896
239 908 791574827
433 973 318837690
905 203 106362414
563 902 111832608
429 856 547642514
40 819 749254473
380 764 527770334
130 783 736885065
793 352 907505894
8 697 485564613
799 333 603618618
121 522 50147607
960 341 523610834
816 588 135139440
206 89 295282815
165 83 330579851
102 566 641158016
438 830 279763505
648 270 888261866
885 89 534375880
88 294 529822355
650 685 852908095
534 471 158611334
673 770 535374741
478 773 553160404
197 449 384570757
125 513 988389448
862 726 939414094
490 282 486407310
356 978 791109613
327 909 704084697
615 668 675649610
953 756 219842295
80 166 34551008
746 614 541695851
843 425 6873455
713 621 667502819
891 828 564347453
357 689 694105338
68 535 641515789
344 91 21234262
756 785 407945835
0 458 34213328
593 164 503546071
360 574 268657696
772 552 2042199
851 770 607783089
741 666 343472423
238 656 786607148
673 182 27995622
249 772 934472231
229 585 768378467
756 507 274275700
76 281 66434915
209 57 574102194
657 413 553964426
456 495 111037008
751 558 28718685
581 558 913584767
477 525 107333387
0 359 118329879
988 690 338489754
683 657 87006025
348 336 17961071
67 205 446136429
203 723 332664055
151 856 852281046
522 851 975878294
26 504 649107748
231 291 381810960
835 763 324788837
245 680 26346616
870 882 574220149
646 222 581880387
245 521 979046555
841 484 85530187
777 888 549357464
899 724 237934699
828 667 268649941
874 162 704512838
412 355 29784186
925 866 509670006
255 280 304207867
29 889 256514581
209 179 224638987
255 83 471893755
266 422 387979129
342 22 732167191
543 868 84601167
715 747 462742523
301 730 628075634
707 745 969399772
59 153 208767927
762 854 259079517
452 223 168192415
195 420 673145673
588 384 403015423
230 162 272765503
18 628 95394651
513 254 120088626
176 844 998700285
25 830 939854066
348 552 133187651
775 632 745017651
728 193 151020111
233 296 480532961
749 136 610095605
373 176 225196817
362 262 921350784
884 751 723154874
340 481 785748727
53 759 698438640
195 137 275368324
244 11 12871844
122 384 313144996
50 946 120984990
518 346 932673122
55 118 636343
669 868 796654344
178 33 627332213
681 692 488306167
119 769 6596391
825 315 493598225
484 548 780306894
978 345 559184362
797 494 218624812
550 807 177498144
22 245 228800671
307 338 791139073
172 944 101644466
779 568 421011726
270 106 176115994
508 687 575224564
317 267 101388316
634 474 389250970
966 678 241458313
22 868 930978364
785 693 613994887
91 976 704607388
742 77 364333105
147 568 310717638
704 358 21446969
121 708 495171867
282 656 105624784
962 245 715262840
618 93 789443958
330 844 756267588
657 517 313793784
10 50 67180689
938 780 733718259
828 512 170366726
366 971 48590902
352 763 87848574
17 216 160427254
491 976 80523963
94 137 226857453
991 37 911528571
429 640 338802483
629 733 74400909
870 346 178691168
777 588 366443259
736 132 427979196
561 360 922571539
770 520 214391179
99 25 711660865
710 948 356809992
151 134 436636626
862 288 193483154
892 6 283820241
596 480 223339415
519 247 243075007
111 858 258435356
719 551 478676575
331 16 599440921
504 638 103541876
711 471 755101780
78 541 294538629
111 211 213656934
654 288 88439073
228 497 305032143
773 352 122811054
485 277 234639160
397 401 712908478
109 177 350724932
542 246 748149782
596 803 715396651
648 497 969323306
911 789 14286302
638 163 374446587
358 172 349426173
692 773 387070276
426 777 377539352
821 631 287668189
490 508 583614903
819 695 545492520
964 878 877823965
747 394 915015994
303 380 381176068
896 298 397724905
538 4 550246869
695 964 175866111
552 539 887639034
112 126 456961311
751 912 44460176
176 355 88526027
680 586 669043846
649 678 956021925
409 870 76024883
819 130 543647501
861 382 821786324
610 998 415866096
84 78 632307327
433 972 908950401
311 28 192265658
295 750 628149763
352 352 661704934
511 288 971151671
539 568 571794304
474 536 987199636
777 741 530574112
65 269 254876563
167 385 878680571
719 575 658591904
475 426 13310760
149 994 353581147
317 615 497934792
366 727 943903458
428 913 22770861
993 428 782132805
900 187 136477018
159 547 734855801
951 68 100183889
763 379 733153424
696 348 454859531
323 833 85874049
183 463 39163772
528 23 145813943
169 347 405278057
18 498 120417763
293 921 333357605
800 43 294586050
60 0 431803302
532 474 205653392
161 759 621008464
393 826 8601037
196 921 757449168
409 303 680256788
88 109 283073863
963 554 557701778
760 405 180995430
251 539 464366274
413 688 102200862
790 692 352032657
419 439 522122697
417 402 293658517
392 324 319297227
712 684 423122018
270 0 929395717
574 26 165295972
794 380 72878695
971 806 178801359
128 729 582643400
151 485 432339526
176 821 603815270
961 867 608485412
418 877 545128213
738 193 110674732
137 162 454922735
246 332 295937034
792 229 254436658
971 138 619609029
18 189 515321155
166 319 147404694
157 695 725054637
676 309 196931995
757 908 218306457
150 978 55884393
188 172 666802235
290 342 84763266
57 465 753888470
586 866 985052047
338 879 62544355
947 787 425576612
487 736 275036123
135 62 569232133
211 350 414561345
670 34 194365481
673 546 524669219
370 526 741555194
157 56 652974792
687 642 566091223
614 67 413715559
441 896 417665120
786 478 372712502
610 456 479275767
189 942 804215154
844 409 910551549
210 816 618358515
648 638 950841687
827 692 265720361
805 813 764481174
811 663 964307928
105 770 920153501
666 653 652642398
982 451 184772835
647 220 728836202
871 803 225936086
318 90 849621380
374 993 57586950
890 55 162741962
462 695 286247489
191 122 265446014
404 958 833254616
801 549 115442177
999 284 495003168
823 632 239984479
708 711 547526154
116 812 443313956
21 282 338900329
658 550 856224788
384 423 288635919
807 730 187823447
588 863 234240416
805 907 541522040
344 930 539753025
788 708 55125732
860 122 197034303
984 403 770918061
494 22 501925736
211 67 734758582
208 866 955127304
819 673 484968513
207 514 195403086
294 885 158040705
374 118 685995994
724 308 119442016
159 400 888527656
834 923 383148832
817 725 5418652
712 570 31599872
238 759 667594584
502 781 345803814
864 646 266935568
668 238 544666790
323 681 215056481
235 443 318399474
850 912 531790756
786 599 980944514
800 342 697044656
438 13 573616542
895 278 703115782
983 261 73340393
36 997 438791261
314 373 547425114
598 385 391888596
315 261 313134456
589 975 245532678
624 653 355247808
246 540 9251454
942 749 877280211
164 583 799102017
312 773 870534180
857 274 162182160
729 106 753931723
417 886 802463840
388 549 952685475
973 222 925436528
295 883 311253977
568 146 146457557
705 69 633764370
748 635 74746842
481 82 531106987
920 644 39346158
79 443 506839447
541 390 317743964
483 854 444774427
635 89 974485000
472 549 555912232
672 284 256763718
988 662 493393166
826 427 62583648
818 422 445360318
268 292 312295129
864 983 868857207
982 267 760741847
165 985 940279300
829 663 736200048
35 430 296826175
266 15 96561803
816 986 360633273
563 945 776759485
605 557 859202841
123 810 497758572
45 135 332543112
900 256 838654163
803 284 794660293
197 487 329468978
220 483 538834435
542 365 467471565
712 970 280129148
383 962 611095068
434 377 55070617
742 640 243670649
100 736 1396681
316 506 62983230
661 335 218253590
398 494 745707047
838 100 919026302
65 391 532035498
934 803 972784935
354 740 419844802
1000 295 239742599
685 395 90249253
541 796 831659894
132 574 137317843
746 210 77770953
394 950 172574860
579 9 285108393
932 96 605947473
700 501 694802081
782 23 957022762
366 17 134372889
877 696 283418108
145 109 148218930
128 648 354286041
473 993 223326560
133 443 654397589
662 805 12019342
130 193 365325092
207 35 610412006
254 537 102867833
512 451 685819863
93 67 151022546
337 62 85261110
129 578 255024339
676 958 576748876
461 621 841360049
949 725 580952241
223 992 438870966
157 69 43482445
379 963 876004721
854 159 962816972
588 122 414427403
89 767 194860144
723 851 465341545
755 205 349115970
117 468 212220499
609 545 314022230
65 520 451733827
829 49 230412256
556 101 680245175
618 243 60793611
442 502 448746456
566 885 442730946
51 936 145001869
983 690 159575526
978 416 301538317
453 20 595632870
711 859 338197174
181 101 30966541
874 542 248960630
498 549 319398367
653 427 225021529
579 440 830916145
52 602 284136880
835 205 159526051
464 322 180989707
884 166 910796425
707 143 681365527
450 298 536848930
653 797 676506496
85 96 876728786
490 302 261580052
660 665 926052908
516 477 632718350
856 90 55368374
895 126 178762194
916 287 576605416
206 823 26264714
130 130 91007072
315 859 633228181
954 99 256390723
515 279 700547945
107 281 487301192
191 408 523492417
633 455 312364973
46 81 651170986
256 15 391549747
102 532 995806332
46 553 568221804
98 998 811193319
754 215 376692447
633 340 109594416
797 440 23533611
552 257 468365597
576 520 155824553
95 967 64440623
80 880 269073667
157 748 436824889
773 211 309809428
58 431 724290333
568 7 112898890
583 543 805724552
644 89 845392435
437 744 378927772
864 897 289867543
442 780 314142396
142 166 696491016
149 102 463067629
53 493 764259425
62 285 648217487
889 448 518767169
984 298 900853093
596 433 236692272
745 85 376375476
122 124 879731582
727 873 815801892
830 958 475545452
372 987 232589643
94 993 46229365
122 69 236784242
961 849 254497566
619 533 926564495
506 361 696883045
103 690 659224471
996 262 386766613
871 800 444840198
211 351 181150923
313 670 310639433
245 751 144004565
697 481 940204283
903 221 456987711
264 796 180525359
288 242 53013510
702 892 328342118
371 539 131828394
24 642 64474704
537 332 708698308
140 716 927266792
748 412 629756902
447 538 31007838
490 936 193120476
916 84 916312556
600 925 792350342
144 629 141448457
454 365 332628254
695 169 917261138
18 142 496539581
364 891 302311931
161 730 624310376
135 308 856923758
190 9 722431346
286 839 123598919
414 114 496553099
105 925 744432204
69 109 143971426
777 630 797119748
699 54 712134284
554 923 872359371
732 191 887290428
492 834 601102603
514 345 12880748
415 154 178307252
138 438 964056105
988 155 286609511
13 663 99792924
963 502 456068844
918 134 753973567
989 381 455838543
809 460 897275778
225 982 56860350
852 490 79676537
273 674 81412841
131 861 675732382
199 45 382532579
947 729 491373215
397 579 614629112
235 193 576051043
119 305 634599789
398 826 278976094
846 889 518154427
474 272 694439442
860 497 24800643
684 98 109372332
904 807 767573685
359 259 918322525
72 206 960596575
636 77 732118375
623 963 655210980
716 355 684324479
447 399 737266145
707 36 647676099
831 870 40498827
23 66 254753602
553 982 577796435
601 214 96824383
408 333 77976607
686 305 655334389
987 624 247891257
870 573 6324515
598 759 945820863
739 868 402102677
993 142 853632318
312 479 193543827
589 290 406497592
752 919 471110090
276 954 630423061
410 536 46501878
828 301 134556958
731 278 883076389
359 967 452807262
514 464 991568296
898 81 733026081
165 79 22857930
243 411 22232573
628 719 433628626
990 413 71899402
929 721 945986863
280 622 234468915
781 533 827618254
980 761 502259796
782 494 985221610
916 107 349975973
778 809 169902473
833 314 585024442
374 82 377938202
293 926 317007207
674 43 343819338
566 25 616075904
911 19 704528903
886 866 368199383
714 469 564514610
927 507 57912130
315 386 507899678
886 816 584569925
770 149 967159226
938 7 8848671
567 627 282285544
467 944 323842139
884 616 112290679
657 724 170541915
333 733 430270700
229 733 320809819
4 434 697775954
981 463 598474165
955 74 455692469
384 168 274189891
270 757 795586385
819 854 111092447
171 231 731860751
452 955 881123619
292 988 987620828
258 429 451113046
476 221 290550272
655 373 203781377
212 839 550151452
417 24 876243439
271 826 625994121
59 563 741922995
327 575 329039058
953 286 126158313
318 161 89337855
796 759 9389061
184 186 53338278
27 403 466551844
227 214 877246068
165 392 882445496
728 849 214023724
237 607 657314318
190 593 168801124
131 556 560757650
187 629 462419862
71 863 467478932
28 188 115887645
324 262 499275572
236 368 851590951
743 535 383517534
338 177 47922642
180 45 710656432
369 429 972328193
752 814 914351412
655 151 444385617
613 152 975468744
732 179 64016961
222 652 137885516
933 167 286370158
293 849 461270735
651 655 545368875
270 698 123077735
329 535 364428997
422 404 365804843
41 484 471918666
602 533 452226694
378 504 23213614
925 450 719416687
295 247 354486607
405 828 828050488
709 661 156236536
760 630 59762178
792 179 399448250
634 300 822576634
448 735 758583522
209 328 68118713
970 29 727288856
695 521 229654515
252 350 939805289
419 222 119292613
560 36 471419057
730 479 61661861
863 961 299795881
59 14 633436833
228 872 846235184
539 41 685653019
448 59 9822003
591 23 882118882
613 339 269691017
785 862 243524122
712 43 587025480
832 185 480075799
540 734 63070437
290 397 238165208
153 753 214443906
496 531 552596975
994 554 885531643
542 484 233665410
119 496 546476764
874 364 802468745
509 860 626603218
813 453 901393520
957 364 676196028
599 206 996334449
71 301 922112474
481 47 873995648
161 261 236701808
511 70 777202446
795 650 143276609
538 724 460769210
728 789 940231648
894 583 825089075
59 999 566629731
347 485 964299107
15 576 886037632
685 810 252723972
318 940 912895391
707 578 295651660
517 809 155121344
741 374 973826020
883 352 515056292
886 530 490970454
182 752 59659876
450 607 736247632
241 203 106261057
754 35 667825907
737 482 317340649
805 892 393633872
212 894 739442328
464 344 924052030
986 210 823923522
176 767 863670097
412 453 368760876
487 909 602189234
275 408 215408709
145 281 669161151
751 235 184632273
536 810 729533347
261 429 363025302
950 763 683522080
930 836 447944560
683 5 170437370
190 117 128660509
804 351 792492626
817 67 398282135
629 151 574724972
687 614 242261409
350 883 171700175
252 649 481411886
180 615 396102797
990 191 554139936
505 486 454605949
427 183 367086588
232 496 36512872
48 481 788322741
912 666 301261358
375 765 12388132
173 963 205971988
934 858 84051419
921 765 608238463
700 310 643060419
195 85 324370384
919 804 83453527
334 241 575184777
560 588 455558846
712 999 689718040
853 186 84956993
939 595 131123486
628 542 24560854
65 317 668318226
712 364 180203935
100 977 748961865
605 757 611417505
906 272 899264329
722 860 357309838
796 856 410186997
807 514 383483684
971 259 151484577
201 766 332938192
170 928 530275056
548 730 476437003
151 22 60447996
977 657 207933630
925 800 388904169
245 864 178519905
71 986 41718317
11 835 311847434
964 500 685959756
478 302 163424041
877 43 888611149
665 97 504713431
650 688 532232468
665 962 365359408
246 327 54226739
851 600 891504822
189 649 79485383
782 621 174547113
906 802 250733820
428 729 666524958
918 848 290614712
691 246 905764374
313 58 574149931
391 613 113444946
802 97 88359402
108 452 905220472
166 903 2920610
148 629 853538865
948 783 188108253
635 946 162145926
422 924 27819465
820 910 957830768
690 53 680703331
488 343 128378079
768 479 701556153
884 880 570529445
592 961 377770303
68 582 31717284
801 499 138250024
384 838 898298855
880 81 49656037
965 615 960178025
890 931 604811947
983 558 160355785
244 292 508605100
534 516 539310233
657 382 697361109
507 609 964126587
648 551 504544904
957 156 269246244
173 293 103593677
775 755 775195929
49 441 890498246
752 77 1725213
344 62 653664459
378 758 412170890
280 7 896102108
537 65 749657364
820 239 655200572
970 262 784372625
983 51 2125695
821 428 961770658
979 718 821232904
978 145 345358377
159 20 816115035
308 237 872849801
457 393 81889150
551 112 821088575
650 851 755196755
395 787 640263511
350 992 103399160
779 538 135460065
279 992 23933596
151 748 55664300
163 191 340356479
829 711 636595482
763 565 175787726
658 490 261548070
668 581 623444646
278 895 194373302
1 586 516448064
419 952 33053862
420 292 200463256
657 153 590742168
829 608 501828393
848 469 356816185
406 344 296287063
773 705 499379787
676 499 891363036
234 283 760302915
292 61 585501881
490 837 662883313
440 248 194980748
488 984 785646444
513 65 82586910
960 269 731842083
762 433 521866822
531 604 155265892
511 478 552802513
253 981 608890170
811 915 667602863
613 927 406882009
37 372 255013183
313 765 168923997
893 533 490446580
979 558 800080664
31 332 550758044
619 374 137801110
552 214 923008610
207 44 991553359
725 609 139754707
425 92 794996246
628 733 617156144
405 961 715334057
786 665 983383617
261 140 153613170
592 460 14525921
493 475 317050738
253 849 625609549
263 891 335226229
357 661 641968977
110 148 137259160
71 690 352927615
790 691 391212324
372 667 108374197
20 161 134274720
211 97 542748822
802 798 793162568
787 722 416524288
146 440 62140029
945 1000 81170599
639 947 820030631
47 917 258007036
768 729 998913187
930 482 572218125
394 583 838918438
681 127 67998401
250 204 676874770
487 6 29147143
569 478 357876113
167 777 119822745
571 242 890425302
875 358 87711071
14 513 710125058
491 598 591492722
146 891 901650517
777 103 412423559
76 960 962513916
228 261 109199734
330 966 70273310
881 639 608640937
924 795 469381565
594 596 280432578
883 925 309929746
950 987 873184953
53 285 821180911
39 123 49135988
783 942 157505194
126 206 791160647
722 274 627908255
977 487 157275495
486 187 958273000
954 581 168716301
732 394 853422314
254 212 725926627
683 915 483877580
555 104 96212225
374 872 187965200
449 859 914883498
798 108 43080350
98 969 39838384
700 262 428394617
151 242 230069197
93 763 239101205
725 460 485762110
701 859 13003506
33 449 162677350
941 153 551851753
200 615 795684829
100 414 227402923
249 860 525899682
523 21 563350118
283 580 392908157
689 13 245217964
625 877 689634102
328 473 633304649
240 443 871495097
306 88 311469571
185 736 251351700
195 502 131545516
142 68 717662696
514 454 720185715
765 97 291983235
582 142 735696921
334 508 465140721
518 273 228255082
924 175 396582354
154 732 707896995
512 787 745441358
715 254 269364752
814 1 793820615
625 963 101749986
170 657 730712030
99 915 231165668
281 570 939351696
327 575 845782906
207 714 387726450
899 984 84759618
189 336 378744298
820 112 632292296
258 377 113576780
580 854 433615913
739 39 145338316
478 190 274511817
12 908 183986257
523 349 995105313
189 932 956321428
665 356 440849152
611 963 223557473
359 230 426371696
768 686 469118870
682 275 813898802
65 491 604571949
773 892 482304730
117 850 708932980
820 842 255584545
728 906 578679066
46 192 910538404
283 117 23855419
798 260 42676497
164 231 781557387
1000 781 253671766
149 518 411885200
879 271 849157269
361 846 983404648
330 705 80797157
909 212 791233517
337 378 756161368
442 378 710487486
682 373 720951397
262 174 352640343
708 130 40638686
702 256 693402607
24 865 834068516
753 377 614132376
278 993 82145159
546 433 142693093
684 398 121131587
205 578 542051883
138 856 916988670
675 850 530582092
138 71 272558094
336 160 563110426
913 426 193762281
495 492 969285722
759 488 944990920
408 23 762050501
603 6 962291741
310 445 393554095
693 496 527337984
388 505 16388724
826 816 467611965
989 852 78316520
751 558 916831981
339 497 258214472
673 943 628916716
995 396 509968059
989 775 217991641
173 852 661699216
9 187 226169129
612 167 996715472
694 648 572389690
258 87 804364381
574 889 880825311
836 846 282642486
386 965 927963591
351 820 616394236
511 110 475077040
427 62 366101622
185 813 221723884
688 653 848429022
456 98 906113209
882 506 628730761
804 198 958695385
96 604 167499503
219 691 130318780
796 211 934813423
620 819 137492637
750 924 462070792
525 927 70502573
911 125 475284990
656 528 582502884
306 487 251354748
813 226 106770581
846 567 1233423
101 903 368349746
489 722 656000581
767 941 596688355
939 744 162344746
381 180 188210959
359 935 929567625
162 113 22806256
413 629 38296731
613 384 908092589
470 551 36954877
715 544 684480419
153 468 217051228
193 106 293082074
339 995 851377517
343 355 846863242
530 614 623518266
122 53 289250883
983 686 28809162
424 299 767729998
283 940 310375196
212 120 582705715
716 578 255778248
124 307 143272764
758 922 985178942
662 218 994148969
802 84 383629583
372 823 627375923
907 211 904132639
791 40 505182118
170 371 591125958
918 59 985906824
122 854 745969435
421 580 141676610
658 595 112685433
48 804 549760265
954 912 215043218
982 119 82538837
322 946 131639499
156 940 701827128
383 661 442912948
438 462 233517747
504 624 153326674
492 12 412164677
943 479 55913478
966 354 2610865
176 246 343621874
821 823 117936226
233 756 4379598
866 458 696061367
32 904 158602301
541 511 681009756
867 470 72700333
590 453 251552585
915 720 755155047
707 162 298552053
799 774 198014283
296 950 660884106
1 350 329626772
142 889 39224121
891 586 112953852
474 681 721147966
903 752 357125919
810 876 113415172
217 988 587541363
555 649 654707990
927 129 674654612
537 198 620575811
766 711 239418656
175 554 387156928
722 839 100837482
730 949 423359251
248 572 338297338
829 689 521949967
352 422 468662187
90 14 1836625
752 764 869023433
403 642 894361623
476 769 155380187
26 144 202453592
402 640 549040449
839 506 727828003
156 590 148527278
792 934 724774686
159 14 87380895
46 418 154981949
241 680 420717496
190 550 608375457
171 807 65617881
495 681 839672534
891 5 897667375
998 501 157543857
490 658 505909799
240 871 890756141
712 715 166687919
640 233 137960385
952 598 430017766
742 958 765715914
153 80 512203815
46 350 88227252
699 428 620104792
435 160 708886176
504 528 533180723
164 891 639584942
765 925 821157190
600 516 561584342
472 286 512921841
347 108 891607318
844 566 138233790
603 953 122248224
778 481 251745214
396 400 76868388
683 800 205626565
