715
57 501 136401570
632 383 73348931
437 743 139312687
598 575 690572634
173 390 404647989
792 577 203889912
282 370 30003032
762 158 32832969
140 605 515808119
719 420 765992216
320 765 757151616
946 543 884210838
702 993 519188521
888 927 211601126
961 408 660279195
180 171 890184575
935 465 439208637
766 213 861902900
788 851 187158653
265 848 750797013
744 96 163854419
11 583 840329115
296 144 476802805
609 360 548419253
72 315 163291105
736 730 753428294
346 239 30742577
252 248 36271180
670 438 293995777
816 405 331008891
67 247 205974345
686 850 282338016
844 971 49849040
974 591 521935708
988 321 826157671
890 610 441140570
124 205 255678411
515 707 286292771
391 854 793737457
531 569 217298636
334 742 12161051
704 763 91205545
953 983 293507279
932 141 348524989
188 268 594749341
235 167 680991550
542 65 659446716
643 850 524520157
53 731 743076477
288 650 680979263
564 187 122032563
175 475 209167070
48 461 928469330
983 234 118188374
544 378 202218903
123 693 28253148
953 145 28277555
486 734 77795205
119 355 428375785
205 508 34311005
539 514 272659133
726 790 201925467
676 560 856234827
604 897 493714154
621 515 294465781
394 772 372360455
114 524 393855658
938 651 364778882
753 653 277621627
36 931 457794866
540 898 347995141
92 601 857354338
693 324 520041372
782 66 117254836
660 218 306629948
157 164 96741153
625 740 52826541
520 239 653701559
674 621 778421255
517 563 118958416
522 107 951830691
680 318 385057697
755 967 6808147
825 11 402064683
780 338 820653208
973 800 616767060
301 778 674880089
740 906 624977757
357 334 463052474
849 856 269768057
550 873 501239337
955 36 67963048
759 87 933775300
845 559 75823982
990 219 965108902
245 85 1302903
689 154 945043208
334 787 441500565
640 568 842824998
183 183 712373974
91 257 649257902
900 422 631873409
564 708 818807049
994 879 905956578
346 409 102474595
978 281 232378017
442 529 168613268
871 506 143478014
611 160 760344107
948 501 592168487
6 977 104581450
307 846 143361865
762 84 145181438
778 669 570070452
260 471 446211015
518 553 472740768
82 160 142547183
952 803 403807199
437 189 190564649
328 410 813772018
982 344 164683647
11 45 552432855
292 965 111249067
764 790 516805170
730 28 585866340
116 488 204202540
821 877 364839665
115 959 70681254
793 151 214313156
901 600 171066134
159 121 992838737
515 888 735765534
934 481 597953060
252 155 183671775
99 108 404180456
243 491 48377460
458 282 3686297
314 704 629580084
817 135 732239372
213 394 94672391
949 564 92025062
783 646 389665294
333 470 415336477
765 73 796244077
317 182 456351252
731 641 540654645
431 362 747639005
497 246 853404715
230 808 41506635
879 455 938732850
874 484 91313782
407 702 447609324
844 421 172642383
313 392 699150011
374 634 613085504
785 184 898361611
545 710 989061769
149 152 784567434
298 104 721627015
419 681 643104281
111 734 906878941
246 369 343036446
152 919 471514777
835 515 534370393
538 748 632134592
188 135 241283562
712 947 267114940
427 766 577787698
719 543 389395937
884 621 252213093
524 416 953556882
923 152 549011877
237 311 924192133
790 540 841924743
630 15 519729264
183 76 723163770
713 0 153575103
348 539 462431047
540 630 875555129
722 905 148330834
262 665 399069956
779 567 622972334
354 270 624634703
262 194 785110786
909 787 648027511
416 186 577014153
276 175 683278191
64 825 335199848
871 963 444587306
597 539 193599456
633 176 511440928
668 85 715104979
376 637 548558102
375 577 858165246
840 485 631500513
632 127 582718394
754 275 911395653
738 889 231787051
375 926 69731267
23 869 531649912
538 639 630231899
248 768 948209915
403 617 583584669
572 597 287476692
868 411 218847701
844 471 276320091
418 684 464165314
456 292 689662063
133 26 839041362
111 38 629259415
398 68 275670938
962 461 739506671
414 409 405125773
737 62 98099391
910 314 68264778
30 773 173383838
598 511 378264138
516 861 659435915
370 901 72632407
213 851 90300259
900 201 285405815
990 105 747128948
380 65 389147793
2 812 72596301
936 122 165071251
825 291 225955495
851 615 489429383
274 876 518434591
0 503 555875038
56 855 847052354
43 212 523138682
971 121 541073808
793 701 22855545
560 399 292223283
133 723 376264345
17 258 449432210
266 413 428011150
528 738 46181731
350 708 355927077
631 3 631836372
378 52 762380877
357 400 82837543
745 613 27194773
422 498 201613277
729 686 559022970
992 494 787996174
749 574 646035857
617 758 925868297
873 716 347150777
609 55 505138189
628 628 832493542
659 140 756145596
875 368 84908198
385 596 370533678
423 989 319953359
546 753 563267250
1000 656 870040750
549 479 319594168
921 735 684148395
241 732 215955703
595 783 925606475
295 886 324283556
216 66 96814884
859 696 293588594
271 462 195220941
391 344 192953140
360 66 61027996
863 577 23221909
777 343 860743750
654 404 653414157
473 1000 932475437
509 135 533897769
524 713 733969130
788 843 842167448
456 997 749578213
801 375 600266883
751 790 542679826
13 288 199053671
24 936 575894543
368 786 727715202
93 181 899951806
972 747 790216322
411 959 868264507
843 72 538696113
277 822 794510700
846 784 385986546
573 69 179573666
320 276 622964861
173 481 426688892
633 62 197127213
375 553 465509166
480 746 88580840
314 290 972805526
589 979 759524764
18 86 792459872
557 86 781102271
559 686 319802255
663 87 951055644
575 790 29507882
38 929 773806080
75 162 588073306
853 682 834236963
711 548 795092008
284 821 581125440
29 139 251864834
611 943 103314218
677 332 478327828
416 425 290227093
285 549 532171283
368 458 261972769
899 247 221296819
509 408 425559651
859 818 151386988
897 846 872051534
535 365 778028762
756 977 752796017
152 327 877049740
648 763 83342499
991 651 287635937
232 923 530538863
886 854 973299952
780 46 339832432
221 901 371195327
394 454 293010520
342 312 818188099
614 70 296564205
639 154 848682137
699 592 380261310
297 648 153169756
889 924 70081974
666 504 578078684
363 240 171488806
283 685 806379636
970 759 487295874
51 897 378738993
181 812 877043737
540 661 690203848
729 867 227620265
728 808 166135473
663 122 860393008
547 224 274244157
952 370 335121290
458 523 253438269
437 432 763366816
994 700 624406195
994 720 29567213
296 293 212628489
475 158 595716394
961 913 914532624
596 584 735669005
458 475 208840548
620 972 23533390
122 260 26517869
572 871 672568610
227 9 760098736
732 514 190326200
592 926 134194803
123 810 521379309
798 460 945036581
246 404 293510034
441 763 158212003
100 976 741312879
948 512 602536169
313 401 294067869
990 49 752095767
342 346 498006911
517 508 540211060
724 316 962617174
975 153 506433140
262 749 926611628
582 442 432001351
7 172 665363169
570 780 926677915
190 725 42572863
805 564 48636751
791 416 852858091
155 823 195755110
945 99 709145662
836 918 103458197
617 617 602038179
154 465 335116662
579 499 383676748
931 238 634478603
290 387 853526980
395 621 941291663
659 832 197593267
302 775 259756023
620 76 759000558
895 147 698517285
698 157 243914414
147 874 632841116
284 332 473256665
365 808 694559983
944 680 375394066
619 50 845369841
201 215 287991017
153 864 18710558
624 735 332136940
529 817 793957054
887 868 336976677
236 188 397396143
129 132 475255940
58 364 915777127
939 845 993358235
407 276 454917711
326 125 908212885
660 758 46855757
769 720 66862783
722 939 396971245
668 645 373614993
720 803 664249654
705 674 958669951
382 161 511688511
836 932 122608740
598 578 524788565
249 154 31306574
125 157 758069014
297 390 302690548
585 393 602216893
636 589 117578100
752 352 631186700
160 385 733908953
708 117 753822701
927 261 539681261
813 33 537183552
557 82 817200953
986 150 900909644
32 168 587139731
22 313 53241437
968 76 506780482
204 936 179616512
128 372 203104021
939 87 571442744
822 472 179350628
984 523 889502003
568 591 791730666
150 457 702317046
220 829 443666569
15 276 558870090
704 852 968551909
879 979 212958708
239 701 363978622
481 189 745570856
490 657 204260232
690 888 199963697
94 112 995162373
408 506 562806213
967 419 447217104
674 428 560910212
378 729 461139811
733 481 56894854
122 221 826865204
953 147 698133041
817 702 234573552
763 473 814234491
251 498 261580582
127 386 606002576
257 31 723091351
691 884 212127507
72 11 384247530
438 184 78046740
676 406 720058192
360 702 927304127
939 990 796887946
471 538 949923658
156 677 493977767
739 797 507739213
261 597 144383866
682 689 133322516
844 646 650092064
556 803 130389061
770 410 669864574
836 155 855208571
338 586 727812561
598 631 440588870
270 378 947722735
632 425 460536226
310 787 295381515
573 32 35118266
963 449 453001848
247 55 618283159
449 498 993073383
33 675 767786151
64 94 738479608
915 778 234736152
628 284 914801670
64 248 862595783
339 260 421185073
182 246 735541591
323 604 974799718
572 681 820658655
863 579 304729201
778 261 176840055
342 134 766835411
917 450 327876024
148 220 534759603
291 452 66162367
376 686 969255379
769 500 618646755
873 830 71919427
156 156 563085121
839 311 75898564
797 468 584994378
734 867 678890928
967 891 106303912
518 523 975021117
832 796 857296263
207 578 495783331
294 306 671630639
379 40 610298306
952 760 226792104
189 683 917161642
678 419 323305088
861 682 847946213
85 113 621545995
759 657 77355324
477 463 306250316
656 314 791770329
640 369 171601316
102 434 792201020
789 851 418193651
626 654 297520318
808 846 584785438
178 504 65871607
704 320 446149824
477 809 2008598
257 461 71909364
61 556 249787754
139 839 294225540
565 86 60210687
253 527 565989678
212 731 600964959
459 775 882454026
214 293 480772711
731 878 226537491
51 269 975459062
287 71 418050938
480 640 200861263
619 637 416890976
279 624 912059842
567 919 985955498
71 834 595302729
464 979 976570053
415 404 77454340
712 967 188285826
171 859 434507113
123 944 103418129
173 266 326716922
763 827 107220594
448 278 255185885
499 202 160357994
928 310 512119380
340 232 879422793
552 22 498166111
320 965 390895424
768 298 868094076
684 856 398606230
64 532 154094720
516 421 186424376
875 787 43319609
103 549 421410732
109 348 129019760
345 237 261788245
279 422 943838766
143 569 62420272
672 729 73712179
451 614 735948866
407 51 979730459
217 915 806858196
744 6 195518516
234 578 223339811
378 652 9856161
206 784 103924730
804 212 697064397
591 25 279012998
454 715 650478581
574 471 599748725
572 323 494140132
767 121 29704830
948 193 774795765
17 779 800635153
472 407 473196387
535 237 394674421
820 620 116697613
445 693 385418781
762 926 44047457
452 123 853496156
451 683 88784508
86 241 243615491
541 300 587222304
474 204 795268379
384 259 173997033
891 175 844693004
437 945 246894350
386 359 787583919
286 575 355270179
260 359 786471538
0 289 372565114
370 375 351555336
186 356 753009316
229 644 952613197
931 29 592771511
372 105 794513070
96 654 265657327
439 926 655711911
863 109 290502592
147 792 712599893
806 291 346080686
474 36 283822732
862 921 356228048
332 220 71786097
337 885 890231995
293 172 694019597
400 126 135967876
697 63 599032222
509 92 849285394
943 450 710359156
373 555 803204315
330 971 219796680
2 785 343781645
845 563 15766918
993 715 607005359
903 471 484184003
472 110 916482799
41 874 691892539
739 544 950891409
837 993 859554353
650 506 662453076
587 216 993184161
870 541 909767776
968 45 714402852
777 771 923438107
173 430 670632122
987 795 615308022
902 278 568672067
913 77 18915831
358 650 22516810
881 620 604066322
311 308 921140066
366 271 155335207
200 491 610966316
714 557 258753804
768 896 620311513
797 234 578188265
41 459 161587629
303 120 78849103
201 349 498385510
249 309 281976233
559 54 696272330
603 433 27352418
664 17 476357124
55 986 954397159
573 245 952925613
688 398 882095878
357 252 752368721
803 162 159589011
350 25 382468141
910 190 661248409
718 971 526896692
710 614 809981838
482 77 271382089
203 773 455242375
875 59 590366753
674 783 450223701
764 348 78462644
525 689 969645348
415 153 254304221
34 749 672675537
829 258 158966666
439 492 364012120
597 254 480450988
209 169 676409754
990 98 993872765
788 829 692283931
534 562 652487930
279 451 498413152
869 101 505593972
397 711 455705432
385 782 337670930
961 767 105735691
148 764 71249157
38 922 264815460
922 651 879027652
261 452 877741669
957 740 871653653
65 92 881239893
622 103 184600192
195 387 864243966
894 594 167224533
324 768 532810434
642 959 483195127
690 104 573275176
520 819 64655314
274 988 538477780
693 758 43650179
747 38 254020376
568 446 173106699
843 460 70771819
455 256 761824742
65 538 422726159
602 136 263871152
690 457 445016882
690 583 420994295
709 894 392964915
293 815 584025549
123 824 171531611
343 658 351756805
362 363 725905918
545 90 206044513
763 983 433218718
775 725 42584677
243 928 946767468
963 316 497443880
582 821 68630911
89 93 344180212
473
939 686 116652920
342 744 545692087
993 990 25118161
599 652 395636201
755 739 712521705
904 782 111423520
992 186 39500376
966 547 589227803
359 789 396687929
338 525 878020952
445 231 882983236
724 424 742362870
943 765 573073438
417 150 797322549
654 255 728367056
421 98 523638060
792 282 92078283
979 908 719744796
752 198 318392632
127 947 234266599
564 667 949883107
957 215 286736183
118 731 134946880
969 484 9912696
173 394 580335418
260 916 265929297
388 407 374485532
503 720 559567356
484 820 795818627
907 578 249848081
993 239 236901003
963 533 720696563
827 325 31236001
876 505 56455172
797 8 381217937
99 590 281444657
592 117 277463806
209 70 775366111
894 331 851708106
726 475 404031001
304 86 290245510
440 12 582396405
428 614 52845331
758 929 907753548
993 921 49022159
869 359 973494908
236 960 477275416
122 351 423076330
160 381 382349723
347 175 860094080
682 759 236519401
451 962 741137208
394 371 386532162
292 129 477119267
61 486 921531837
531 327 712173257
13 587 211048251
689 644 123570742
3 655 599580546
107 324 646266929
952 906 222821452
979 893 7376815
423 524 337738034
526 349 168279212
705 647 927943987
920 909 860525941
26 186 982991901
862 438 117380889
511 697 740892572
371 27 671896700
274 470 496181016
739 451 292528930
448 479 582834107
269 677 513219191
900 440 934228501
81 510 310874410
815 618 999309401
591 830 448570779
124 763 805387762
452 753 102830484
594 350 105768879
294 100 396550737
339 59 919514352
220 862 702449886
170 618 46110026
983 628 766987490
238 492 211571040
7 14 254368462
344 257 878274813
268 444 547980156
5 963 365537268
412 605 252800893
362 575 250202973
457 476 683290011
685 252 898494223
532 279 191682578
176 578 180178641
380 839 194122864
906 176 104202511
920 358 337591415
154 346 788866988
292 772 439347102
876 372 267769614
148 781 545316638
255 510 95076242
454 535 282331664
90 162 839554682
367 124 599385371
242 407 939801639
499 744 541680566
398 124 587845029
289 983 94172839
125 917 758252952
956 388 120547557
582 423 140815425
799 111 341172629
581 219 831858264
611 136 591399110
992 729 993605745
651 392 564191822
412 235 568020637
92 168 909828937
599 768 752024136
832 538 275628118
867 1 891444829
892 272 573778230
888 125 701736996
848 805 988733361
714 514 445232102
706 420 673814674
906 329 844704878
907 350 813495676
306 597 226637363
460 823 783967439
784 53 563592671
981 921 588374969
553 892 922495161
680 863 518231870
935 116 344342156
563 988 104983473
959 413 282427221
97 523 92339271
158 170 55195939
570 872 754931314
372 877 937554180
953 923 82166058
966 229 360494026
61 798 350161096
782 178 282814536
566 297 609338610
497 251 977489844
822 456 195227337
706 631 294034681
832 764 590515822
668 436 483776828
84 483 133726355
37 647 550454854
545 3 54565837
90 472 665059580
143 593 169390032
789 571 219647921
571 897 262696067
8 983 192192663
184 293 203373923
590 259 542154673
484 857 67154101
270 117 249424276
856 683 999933048
797 585 69084642
450 660 235553371
559 572 928360585
909 414 213581026
785 121 661435341
602 84 941984536
754 574 507108037
348 780 205831922
568 545 37841160
864 737 64571595
49 197 623776958
771 128 820842264
154 220 375581668
879 971 451415151
657 230 89754060
601 655 211443514
606 99 419975180
344 267 125268720
695 22 374258368
934 129 146693814
414 806 98710874
80 452 244228302
921 711 614759404
691 849 18982304
235 122 262890930
495 395 146908019
866 177 469430161
409 610 253783141
224 40 382762671
128 729 994076011
694 454 52878287
986 300 394421206
58 617 943164878
947 69 215604053
437 835 121602150
616 63 499046014
508 528 878312862
188 889 15148824
846 929 361484904
53 522 269443164
172 879 200318238
340 890 560673892
62 24 925545026
71 879 238192255
317 968 34050589
233 842 704908897
29 498 202220870
633 466 818496601
842 934 166679013
614 354 63114224
368 11 935346534
258 174 530033465
484 141 204346812
815 218 432158860
125 210 105506996
578 11 390493071
916 591 465797022
888 362 425883552
122 123 344057617
532 695 457195261
622 604 581528772
366 457 439891797
542 323 323568554
509 495 967064083
934 97 765906130
984 320 558953348
258 676 712827511
876 859 680482813
933 594 503004329
411 28 686749430
400 486 398392134
455 72 286709339
687 661 58238855
584 790 972013161
257 766 926647169
657 425 806528925
62 510 349406739
353 743 80338166
210 619 520083442
506 221 23295972
694 653 925497061
212 14 626851159
604 416 56284072
15 479 62625688
653 998 18335221
672 877 687651309
5 209 763370216
991 35 797791646
440 490 132639595
680 614 859590983
215 591 408321686
107 818 650163093
247 154 352236658
523 235 933854012
913 192 90988075
581 727 101064144
177 248 400853414
190 266 80608972
831 822 698400718
741 170 910984710
0 1000 898441706
85 700 77127323
226 331 115375816
197 386 599997229
648 450 36319448
291 484 331468879
777 994 139454067
106 680 237727946
102 916 957423424
56 737 72301253
810 765 69413751
755 580 414517878
914 92 134353471
136 947 8901389
905 727 329649194
295 432 292192497
974 780 762574063
476 244 93720067
523 838 931874130
571 511 608124843
668 359 105546427
564 620 546028363
552 28 734366763
609 240 738952807
243 129 441000572
328 84 158648149
405 647 604032871
1000 287 271504642
976 371 315179841
716 443 292321716
231 188 74391439
926 795 30496054
804 802 947133390
968 861 287151091
723 890 53228585
146 7 443716278
141 164 139999924
542 178 108727942
368 438 247820128
332 768 288533659
904 385 112349031
176 937 160818214
338 374 730476090
181 819 75556607
525 908 942813971
680 378 925341609
150 598 340002299
315 956 786507454
525 235 480597581
424 391 489252435
983 826 855664235
208 272 868757190
330 316 271656615
800 852 973621374
49 14 73809880
619 275 537127006
382 369 283062566
297 173 374380048
856 941 325489635
606 350 309903430
269 241 170826359
678 811 278477015
959 33 307717618
31 435 640868934
358 313 378205829
265 599 567558207
110 477 813351206
787 832 749645419
322 604 304686020
750 158 808931287
253 306 795832670
395 849 888305576
42 450 8936088
236 672 558098762
763 884 709960228
792 922 661857773
963 500 96727206
620 484 300848375
983 800 173194981
390 363 593794543
8 565 926789438
779 457 552117894
207 113 189322181
797 593 917503290
32 329 29240952
893 44 64693079
452 786 361021193
300 704 46401429
896 197 461573038
281 783 951199554
99 430 834698554
612 930 245657772
704 616 91429871
987 550 144433930
805 436 11055630
834 944 2899059
682 244 172867694
186 236 803996599
977 955 604831336
53 906 323478405
393 864 92396141
156 513 240693563
361 0 562148574
450 998 655016407
499 457 28126067
148 998 116949775
806 63 366560379
688 842 548450557
219 632 431759307
572 464 918068854
511 458 808602080
382 419 232647512
442 470 947743031
809 272 678709286
413 329 310808377
481 24 679600936
599 64 7106751
746 872 538041863
95 850 273887557
867 284 77017975
439 751 343706188
733 725 996870328
901 152 561372469
420 290 620989404
966 124 848999189
70 838 85544562
600 479 106340846
359 480 953519468
275 530 128269906
769 50 85962242
837 695 593455984
252 725 183585757
384 728 961789449
203 802 940400608
312 304 370965696
726 545 95321265
817 850 715814273
258 776 792472461
696 86 13854306
959 860 76401154
885 874 991992958
402 87 138835450
374 220 19302319
82 43 472104137
598 13 9430658
864 427 573560327
736 593 344889178
176 124 527086038
580 647 947264503
525 18 76386464
743 324 172528436
887 542 785240979
139 283 954642695
776 870 120664116
585 431 946483340
442 591 974031675
609 977 90546798
93 311 85703110
30 699 427768389
350 993 515372269
924 434 359856890
496 498 556369856
381 170 874850520
228 191 568728135
52 933 823177719
58 243 419561522
924 867 15013828
953 166 409883519
981 281 154757653
880 197 878405551
497 484 157513579
737 524 408680690
655 558 396551261
283 472 255965482
774 129 965205163
781 687 956416013
620 932 495998101
878 246 100270985
36 563 547402750
737 325 219093487
398 596 698731254
789 109 569524896
867 674 199870012
50 187 50505282
94 131 434718539
482 260 711891639
522 370 482641243
656 127 907612347
235 518 910479600
25 929 602920022
374 88 807099889
454 63 433958470
829 993 996491081
409 131 271977355
377 747 389788619
469 190 110812027
472 413 199215390
437 747 191662748
755 642 281423112
235 235 133281034
996 996 978102012
987 273 100118756
811 278 680465530
999 96 444515340
578 995 354540695
