2081
557 715 986020213
937 687 267719608
509 288 99749438
361 845 795756129
223 986 95516762
557 727 658699351
910 979 501653424
465 732 112725149
122 414 191166270
104 153 921658557
70 403 816064134
54 132 140759984
344 862 565241081
62 718 489801895
135 198 135493972
509 114 417079844
223 510 166273804
533 762 769386795
494 527 352159580
860 643 715585473
862 35 289438369
707 640 933889902
468 941 538268862
260 329 168309007
86 937 669246918
566 20 49373489
379 410 937976287
639 39 253981899
273 653 377981034
258 870 408502351
515 175 352282805
969 383 20941026
970 362 170970052
828 295 585865090
438 774 483163014
249 623 38428733
285 440 722426835
623 639 547865723
698 606 977952441
299 101 765492755
26 965 866607342
664 90 6868954
893 442 353309535
957 610 629875855
181 179 493325905
997 400 55560049
272 718 399592212
501 992 348314989
585 432 945823731
846 154 203854535
913 953 138883531
333 759 198017814
58 296 140491713
454 988 538509297
519 690 478515286
259 126 702784527
832 23 947479304
913 295 226586328
399 874 559412011
444 204 300603291
548 239 675166211
751 132 791221025
46 5 720213797
340 925 214526067
691 853 282092946
651 896 531429484
518 143 771549546
578 745 585347927
143 969 727500096
854 541 598693671
718 150 753254785
465 466 791559646
38 774 107335737
675 189 901259690
853 567 393523395
827 251 581806371
697 273 319292740
110 604 609232504
454 840 590599717
967 805 531566084
300 738 838146118
118 368 690673024
591 899 469964960
170 547 407205741
59 513 655831054
710 836 508468027
750 412 538804877
12 614 143541492
282 778 14386059
162 284 677747321
289 329 162787446
688 240 303229775
279 291 90906893
953 337 591395311
412 970 157565133
579 202 723983205
353 778 315889751
69 117 896898528
0 521 955444328
680 940 350456696
254 469 801931272
987 349 917656250
148 335 78340138
123 945 926060729
509 625 248288836
231 675 103663234
871 404 132295074
950 954 635935880
360 856 870609562
164 286 53409254
936 553 756885815
428 158 327507074
682 163 776124105
867 149 560603924
922 128 205838867
328 885 223204424
113 924 327037557
634 862 814960036
11 521 801525011
817 874 109318155
40 64 408015593
326 168 922511813
869 171 46911711
641 908 991360575
27 333 550402269
938 456 763298673
70 451 689607849
285 78 40250538
429 375 531109063
787 316 878300711
379 691 183562
639 499 182167571
196 995 427885059
184 124 867812482
181 725 983181136
309 715 905407313
769 925 622611005
346 989 861642754
821 864 606376410
839 111 977905329
753 757 310201891
280 728 845710518
546 835 51429984
625 437 276202336
886 602 897130042
194 843 412936758
963 3 677244241
564 840 974673470
703 699 119068562
127 439 785099621
573 583 817963871
968 787 246401675
937 865 221461823
410 85 139780092
42 373 647558393
467 318 168690334
228 398 553036154
503 485 47015998
361 488 708761431
461 963 158973976
981 564 686175090
927 671 46484481
106 331 887525914
897 467 864212193
967 565 598521913
283 731 526353075
295 326 85546016
478 660 429340231
538 900 529410015
895 716 620010992
270 965 609292349
472 605 624273806
49 597 388696201
526 104 47659620
138 488 597257327
802 565 752759098
740 929 312323190
948 25 216775590
922 429 76339618
641 827 707835445
605 279 104341252
729 79 86267181
970 157 98807943
444 26 12324440
476 310 643612031
578 665 713471391
500 625 242092301
927 312 4818320
293 358 64751073
996 995 660174334
998 940 701313552
641 708 246478688
419 429 900366736
373 522 957388869
324 487 186936609
769 755 126154089
64 617 944928252
31 143 18075138
209 865 727084200
63 375 252900219
712 5 432293877
720 313 651885313
409 103 307903159
276 137 256889465
440 904 501567891
124 43 116508700
84 684 227067665
303 826 823481094
128 135 630573528
202 356 777676271
424 872 656482669
314 845 747288772
143 365 77072205
370 985 858633170
955 943 222904038
984 808 14765487
879 955 937459970
855 857 684606150
755 2 241614566
600 312 539285021
411 334 361492068
159 521 507909661
2 247 402470912
559 735 214340392
924 963 293849889
986 76 724661109
235 925 887632008
226 987 717424001
264 143 785368794
442 94 899626643
613 311 648203430
556 350 55843415
703 883 270220480
596 496 963064602
368 479 41973700
283 558 237967799
96 295 277177570
776 455 824238463
332 645 939498557
591 358 89587139
274 258 351583864
51 542 748323370
918 783 858329379
820 132 61263210
762 693 396701460
889 517 668392225
596 280 32117896
731 239 862725409
963 361 72413913
465 59 297747908
126 960 495735765
65 730 19059
2 931 50868929
638 95 698799866
92 296 641187384
253 637 430608954
231 497 547915100
610 417 61762094
470 615 221636589
313 740 144631465
312 328 232838755
12 8 948142036
293 669 437670691
865 616 542781910
531 400 144894465
0 753 265655991
692 480 227957274
383 220 213902216
355 410 76454608
284 745 127690939
150 732 599925355
380 468 381045715
643 796 186731675
581 180 228060478
263 592 107895328
676 451 60053270
689 245 473804193
259 67 723482990
158 106 246756758
259 669 3669975
388 606 260173234
318 981 695728289
484 67 853257426
566 159 533628304
486 615 217568158
954 427 493947759
404 774 639338288
638 28 914255079
720 860 131622072
343 144 376250302
294 170 665434379
180 53 960135163
551 304 742144832
680 628 819065161
259 793 658201796
764 946 782189023
680 946 566664876
788 54 993782505
756 730 588686765
978 98 925479583
661 99 528105808
684 147 24727309
99 891 629873982
291 20 504739491
895 296 197989955
515 920 747288773
339 731 212049226
416 821 660518870
110 208 905514999
404 509 273964910
424 870 827386376
974 326 273705195
68 913 431161605
771 654 598481396
236 228 701804955
729 843 764130078
939 158 289251263
316 218 812788791
259 320 135107996
669 641 677186006
748 650 3823213
361 495 155114051
741 755 340134476
657 583 538322150
675 276 454886199
370 551 130653750
854 374 398369665
842 96 902772113
584 819 937574953
796 166 492504087
376 743 939301076
964 227 134801379
634 352 335229695
301 887 452656365
974 266 361242250
497 527 6627387
719 829 645120144
626 139 403384423
100 232 888747435
40 182 574800563
461 358 455214088
667 673 64207520
688 591 383990565
728 341 300195241
249 263 295572842
753 220 94252041
787 299 842853871
577 171 97124490
658 372 651377319
355 736 136583415
1 416 473749811
930 386 684821854
486 710 983471464
973 451 198598423
776 530 698059187
447 827 187510920
273 693 609424763
395 831 981672096
813 574 233509334
17 472 790337490
207 300 343699388
683 925 715075725
460 592 368081831
827 588 343831704
416 446 99159291
624 487 436346935
624 325 225752323
957 913 77525024
233 351 236273829
357 822 767838523
523 551 884060488
61 136 558483356
300 320 130535761
659 164 46482341
491 2 802085135
102 659 10797051
269 0 191890876
330 14 235731109
948 746 632386206
504 805 923821763
97 134 72583173
841 582 524254356
318 431 236954706
151 897 29429295
223 866 580795603
495 607 866951509
204 160 213584948
999 176 848819713
213 997 386688759
57 425 710793617
906 511 352906820
944 872 815222769
107 287 482920209
453 981 344653110
942 724 417669139
826 639 943411424
615 834 811588664
915 362 102866495
958 337 697028761
597 422 431981480
898 402 23527000
526 73 421488069
362 593 729328890
138 31 384189350
820 525 707872449
292 400 61053461
910 120 538457093
649 413 397296983
838 833 571230961
57 888 729765637
157 626 368351720
516 974 878893301
850 215 679392477
239 990 504674286
145 104 380087706
518 27 376524032
214 519 19228780
898 685 767751081
789 436 780710182
697 532 237251054
901 72 325094074
604 842 685667555
852 105 946708409
657 743 916722917
436 893 405464562
512 631 448695054
731 364 55903165
919 726 120745151
358 422 994003244
883 442 259126120
224 51 269866427
16 274 161853087
159 964 92840444
266 79 843618351
275 859 935708066
664 918 181644418
833 585 626797360
162 537 304814135
950 667 675985018
125 497 664176567
460 391 995422891
398 375 73550981
705 64 454080419
571 670 477575433
694 139 197456978
742 224 614209313
386 161 4287489
932 429 774727651
255 289 634290715
884 728 541871960
405 696 169257017
705 322 307683831
122 264 234607340
669 591 977983280
451 578 524152814
488 573 297215981
341 453 847005624
329 584 109748945
961 104 417323744
516 789 595098642
529 927 916764881
79 106 905235407
172 483 202915493
600 162 388902227
425 198 128323438
607 849 195454056
94 908 64755431
163 158 265460403
574 263 723019195
967 982 7729928
198 883 971560441
12 725 428417653
160 297 820852476
523 348 345161713
746 263 958277803
726 101 43770746
649 96 328493117
595 434 804223046
37 311 77927735
61 590 238825986
346 885 991798381
541 315 735352420
335 272 981274778
250 709 769728940
945 734 539951029
468 793 708806048
875 530 769218639
636 816 375612153
623 737 514536548
487 885 366940057
244 290 576775127
755 637 710389091
818 979 873185768
727 670 142466185
365 143 500229411
934 901 604544125
445 210 947494625
656 755 235872154
373 195 848953556
425 830 297868442
239 292 117333938
6 641 686991636
254 598 771728776
144 801 79228424
907 466 941205395
785 106 71620700
909 717 202564527
905 522 25246886
451 119 910449111
251 71 147750679
641 222 798174230
804 215 527729083
408 63 99764739
114 325 12517460
6 911 200340488
23 966 149057802
834 724 367896616
67 791 881020619
588 960 277460111
102 793 962563221
858 296 604161628
892 327 541691355
165 79 278327456
461 69 225813459
698 115 279873004
275 929 86539283
67 564 95245339
69 163 208732235
645 670 172679781
225 846 632485273
918 625 245691276
867 281 579491718
108 509 68360764
186 364 284880742
805 301 9022915
454 241 217575935
326 67 382594129
113 176 96307579
639 285 263041185
272 502 497691614
70 996 658553924
184 466 514069374
540 283 921360767
773 404 357695106
535 88 913185962
978 409 783149412
167 659 979427640
269 31 586911780
20 266 293565825
197 569 519179039
508 431 963403465
864 450 704515470
185 80 768632753
317 204 385584762
50 365 164695600
833 501 12414214
680 364 516998409
257 345 851425904
783 933 105796280
24 434 981786374
326 480 104702008
649 201 152665729
581 398 106892508
756 307 592898287
316 856 180694858
852 979 729440581
190 642 814403529
442 45 200425035
407 377 911941389
905 735 451238694
700 764 345110551
911 697 663090078
763 648 92225029
695 461 93470643
682 270 737624883
130 827 429533695
775 947 541885946
774 40 146535527
195 794 721543356
340 544 194487395
737 621 445388716
262 164 297720926
33 16 113176626
35 812 758325286
755 104 527043088
326 787 714983521
1000 0 291543458
211 626 665756594
345 329 308045989
935 223 89911536
687 907 101247340
789 441 503194696
687 546 636311651
545 934 350863731
927 977 399412965
660 419 832506780
184 136 864858038
782 604 725711026
237 8 637052732
31 473 749225813
781 12 397458418
617 73 364483237
667 396 864745117
309 938 478243474
977 120 397725396
357 636 801877999
499 371 628435621
649 764 690807914
743 252 455596077
162 307 990506597
755 664 102741781
284 524 144202633
698 217 956604437
538 131 510406246
542 461 22679493
747 850 486192340
427 665 297770833
31 998 886858430
547 984 328859088
700 884 337944955
524 544 271042875
583 365 391755896
720 847 614589743
556 756 934848525
439 743 892480359
670 537 556632134
688 12 992022109
969 989 158660355
402 544 459588540
121 618 733557469
955 483 47000809
330 899 640220559
105 925 326817624
842 109 473570178
188 102 542469993
909 509 75872752
420 894 793348164
207 693 156813908
138 945 266057090
726 939 826642676
482 772 123383070
293 319 522738883
530 756 649654337
597 663 183495918
468 822 180622099
959 177 995359798
298 56 985157004
27 500 884607422
788 339 473955973
381 815 838636089
868 862 321736559
79 635 965771785
810 362 979726105
266 102 510499149
66 387 310886557
922 504 20412111
154 769 99717353
338 284 604199746
999 218 208303082
532 174 629665958
445 605 332236354
743 912 812188632
411 721 283812994
1 10 972464816
814 924 84265907
655 949 399458925
230 451 270327238
376 611 827159078
710 183 747772558
327 291 190199773
276 357 317801152
752 174 973585726
191 320 667962205
957 312 3927185
291 886 64574558
830 908 759075268
539 416 178912102
595 266 66047391
156 874 575614522
28 6 558537423
531 347 903783884
216 817 788476903
577 705 93007909
69 666 954315966
265 806 58274368
527 838 135252914
958 421 267885615
161 432 566081579
86 209 855944006
110 921 18771767
577 24 388363113
391 528 800897637
191 171 885525583
459 899 730452235
522 281 508265580
255 131 66047318
457 368 70638580
461 692 741579220
885 205 116048323
518 432 611754572
547 478 70282782
406 701 482751914
35 688 953968376
581 317 963592306
151 385 3854545
737 211 34204230
944 907 903559629
60 940 327873176
277 398 648224252
692 267 273107602
568 16 421930405
320 842 573407956
842 183 10429397
798 705 126751037
552 569 561346566
720 98 6711221
877 469 668266456
853 517 39340976
928 285 586785322
789 782 409994562
371 635 151890533
515 524 221416523
127 964 157477727
500 43 869589101
150 49 422155647
565 361 985813919
976 982 287864340
813 216 656647800
68 123 510013080
824 100 755953761
142 121 302519595
849 5 32535443
866 450 796482
576 389 42289791
443 172 953887421
927 686 642108122
635 251 73629039
13 594 658917560
56 554 298900733
326 93 117255281
313 29 888968491
213 893 728662828
85 845 59540811
358 930 882248736
105 10 817529317
523 99 468487594
366 593 220332114
109 926 887772773
287 459 651795555
650 814 642016419
143 975 191978911
868 356 380819555
199 416 971650486
856 477 114816714
959 900 677231990
485 16 244057227
880 95 564559426
358 105 49243612
344 155 547290201
636 462 47184685
195 442 53558209
989 759 83734877
915 357 338021272
168 682 876550945
617 226 188604543
271 965 756695411
928 208 911768628
833 653 838249604
158 676 235066138
518 107 613308276
736 219 786148822
546 800 20140517
503 612 336603478
728 528 777681270
819 938 260647885
642 342 75840534
526 149 932557508
64 39 422350636
510 932 721062244
845 475 506723664
324 379 786654451
260 819 384164929
274 704 312077500
453 590 82661037
868 231 416031467
492 354 422007677
805 944 972173391
924 565 571234276
988 522 52787968
243 458 672717222
38 979 266096758
259 658 713145999
742 387 430205041
202 843 485593078
266 987 258940133
38 524 577130918
372 716 204986278
510 229 179495572
290 144 289236830
998 353 838593708
997 95 162869777
13 908 489812228
508 479 544283153
49 270 829134779
89 693 39346573
614 257 860293781
598 559 186025919
492 464 847338628
289 606 463202808
914 270 613846034
946 547 195545590
571 653 665749504
959 422 161383175
785 514 524648789
266 337 70623628
450 749 138908312
107 307 441287145
260 521 668039233
536 11 727704554
143 633 465054808
637 985 615689342
750 801 181383110
550 303 421500841
808 819 980702231
521 56 379820055
759 635 183009345
998 997 173666099
623 7 836285427
223 929 564994108
768 181 653536103
403 69 19833926
260 138 418804795
701 85 205606879
450 65 550543698
701 533 947932307
914 126 124968544
383 668 909674996
446 73 692483424
996 297 569680210
255 409 210626724
505 247 572043075
674 641 824327931
454 518 60853254
2 258 837852796
415 317 940706265
615 386 14380025
785 19 191399399
445 53 910575964
642 219 349082371
686 658 12388228
909 660 318458929
13 968 830055003
587 763 326015014
706 745 221461498
181 443 191746736
761 685 402577609
825 221 653722106
812 909 504856944
991 559 190168795
111 542 194473832
216 749 200160870
994 81 207360801
603 655 283169067
624 456 796315774
492 922 634192480
104 445 509885425
169 691 553389888
561 600 397237651
925 546 364025589
560 437 132679381
586 788 188309737
514 87 130127712
731 388 561981209
185 637 139399897
596 328 234970943
204 917 789524692
212 805 451614494
981 779 217755498
533 464 682522730
112 7 8428939
536 798 185589741
297 525 416690324
116 248 903096681
35 920 588689906
66 285 972591031
583 103 238944848
859 855 613595451
621 34 685481411
918 836 709805488
342 863 862913169
394 408 564301947
82 876 687212572
924 908 612406262
564 555 555815297
929 403 407647607
951 574 32789970
236 435 983405235
382 589 297838963
288 733 833172489
708 682 133843253
12 307 202032852
945 975 203042785
266 848 148239684
16 246 446277812
740 924 186172150
505 436 81170873
519 867 678587137
185 611 254060974
665 272 308473186
716 97 582309880
123 359 160113981
107 368 484012628
948 563 67019249
104 447 774000439
356 184 422633103
135 443 264570576
612 811 265196953
959 686 480275948
438 962 732448049
545 33 317382971
888 446 867535332
920 442 695843186
322 882 179330862
161 154 184352577
92 916 81384385
677 731 835056987
366 173 106969614
398 489 223128699
976 611 410532637
207 815 624709791
362 309 72359495
100 748 199426767
667 39 913336327
703 100 654701121
614 481 381383968
699 498 171479818
366 931 432723795
769 56 861915387
769 150 35881521
668 410 222582383
452 893 798713971
507 908 71034909
179 765 999695459
950 894 28407704
267 513 618804630
778 896 957261565
291 838 283766943
834 614 181588019
286 962 784630807
735 547 29751840
294 4 297236776
401 395 651801795
142 497 41330043
561 88 866538531
859 167 127328047
752 308 341383060
970 956 540020933
927 910 501177824
387 80 849682111
349 960 602353516
44 572 263530205
164 921 299145269
642 35 73014900
173 319 252033408
218 599 32964153
606 696 416953895
322 201 465911944
248 910 564885643
685 970 881502109
526 487 461236789
671 624 482470316
965 443 952641332
98 666 837315721
807 618 56466592
762 44 916612080
424 641 302043943
247 942 706079264
742 256 406705660
480 71 817223582
219 748 78875458
744 127 505569715
857 556 798826788
763 36 124514672
706 785 612872769
326 243 944356676
574 920 285968171
3 814 589527313
450 709 151066259
458 104 135991204
311 599 141155422
890 312 951227329
580 909 257063252
355 924 643793668
615 256 766821572
130 408 769112264
387 406 274741158
341 192 922403448
258 761 91584025
482 525 112982996
565 318 343600374
933 368 669922849
28 93 295564800
639 76 586443825
391 854 269020687
69 47 631170398
798 128 468429786
586 720 127869642
45 868 991372887
462 252 85847766
508 903 871892405
69 247 595665536
784 640 179554884
52 849 147024073
417 773 735707439
928 977 405857434
207 274 755897444
179 503 637257326
981 123 189493549
7 558 96118036
366 398 856344075
383 39 893659829
917 165 544127269
520 353 458230194
969 241 119546175
169 279 249154322
391 495 273439386
258 856 421748780
54 560 813157079
286 749 5783565
34 624 341790772
582 547 931102522
995 762 618855832
356 773 987855857
361 321 703752532
791 934 199837961
703 567 155664764
732 827 745144475
905 881 966472431
271 220 298188198
193 900 848230001
115 43 256534909
365 774 984210399
593 100 360586435
557 589 125038867
625 820 521446312
579 806 863582509
865 370 403911263
346 586 93781061
702 613 415513856
105 972 449742090
812 306 93508992
53 355 987716402
400 634 100563180
462 317 518549266
238 958 382845295
156 252 194662963
925 624 974108143
762 523 870911204
0 94 685010822
663 203 549968804
834 189 322908634
815 637 479808450
588 66 757731341
341 461 569426572
325 867 500918482
103 12 594054076
858 372 422202758
128 285 637527086
415 400 164737531
429 947 414830125
92 3 47820319
356 841 184429009
218 142 701478427
543 716 426239782
878 625 983335979
403 562 245298974
540 467 242013726
562 780 334975428
95 283 467596154
973 172 23131415
662 767 779708336
153 516 246350463
557 511 779112812
283 142 993117435
538 936 607139512
464 865 668543662
659 802 991478577
573 861 5749504
391 24 380777956
329 866 832215169
175 646 71179263
105 830 861940950
389 767 188435712
106 616 54316916
206 609 196798534
974 254 672762726
820 505 702749007
935 898 425243086
910 336 10595204
630 762 2909940
763 536 357142098
59 420 562707597
940 839 187436534
324 195 783754586
413 457 202701294
507 160 166453365
473 768 277726941
94 374 888258011
84 285 265602219
189 412 432132196
128 991 153368667
119 316 291465554
113 6 125829617
714 374 867478870
943 859 264075594
854 21 400013503
713 740 744390155
650 577 110836765
947 97 532021503
619 272 967360121
975 165 134716347
103 128 892692545
385 328 764589172
383 852 35604002
152 495 942724874
178 777 58689691
17 923 405058205
733 746 537272502
197 494 584372073
782 395 260333456
799 332 441681369
757 602 691964624
526 665 572518022
891 494 818220685
694 440 179600558
272 822 546147510
545 395 634830706
698 857 145359990
975 797 230696641
563 224 630664270
427 160 439643173
899 401 651973074
839 762 736531324
798 111 51132316
155 68 488345871
920 157 627590138
385 227 339554879
607 594 471678462
501 925 87569483
328 742 907160574
398 852 214298380
520 450 425444677
388 127 310311981
910 605 227338165
624 578 850100544
554 271 371596964
44 540 411736624
76 83 189578332
893 768 612270774
580 28 960080076
12 584 32325180
104 23 147157067
281 159 869905362
446 525 457276538
359 513 53812837
156 319 862535436
26 569 636134920
304 332 164396133
379 971 909283623
805 985 195894825
874 414 307861472
492 20 664816404
845 477 254404689
170 687 515868233
411 577 106738025
403 239 485387409
834 688 902624388
717 182 573452115
737 880 806286538
54 400 794594950
157 96 20426107
326 203 272945584
919 260 458825935
567 860 332792781
385 40 48187842
695 121 808267881
813 108 278111975
552 806 331057494
800 109 247740030
14 213 952595106
813 139 639657733
391 53 868247686
63 27 144066458
335 826 450830855
539 265 242217544
838 785 284966526
783 721 520581045
896 132 854941821
222 916 262633630
293 445 875474467
417 797 554402726
925 626 413402051
45 772 249602161
568 959 300203020
476 63 778247328
661 613 755982345
200 912 899251254
329 410 726195595
213 422 374926713
254 319 865578620
826 829 559286814
782 404 961928562
327 40 855561358
679 929 506843919
298 355 225709705
288 331 563931014
460 4 265211012
171 981 595780503
666 921 405828723
154 756 716675232
923 645 48667669
370 944 115538383
869 232 53513571
972 692 174539531
913 431 622090481
277 673 366956461
167 250 636851977
30 64 340278203
824 986 845869975
994 614 274886854
244 700 142188306
7 610 683775662
699 453 225510453
210 677 592093481
21 774 515707223
548 120 80143611
742 795 366604899
728 279 155630723
254 975 407876463
177 972 397713885
316 889 862942343
952 194 639960567
338 721 707228417
400 309 461899621
384 477 672296967
696 219 176627512
611 757 54009927
930 719 971305750
994 622 56900543
501 426 691714648
910 104 372972429
863 278 699153040
647 108 155641882
40 875 297097056
726 499 19255561
851 195 616915695
231 424 699522368
180 949 446664990
470 54 45322660
409 57 340168884
553 798 878438785
855 523 696753935
799 634 407334612
655 430 366398109
884 770 967688061
620 148 887544445
661 561 357110893
186 430 100745117
315 351 811024514
19 836 656858012
516 855 491777354
329 959 524498121
266 947 715340331
232 334 328617526
641 934 266758141
807 288 357943650
711 219 346296059
564 639 806400309
831 433 815074424
225 596 70811819
895 862 31325760
167 611 976797617
113 810 46818601
842 313 301204876
913 871 185510036
619 637 176717938
868 143 247432571
462 93 166720769
808 140 673231657
270 176 563851150
642 93 61722335
330 889 34046712
742 283 660254734
19 352 978945092
571 830 798124219
410 377 976145726
577 284 238470879
505 663 418705621
253 20 193593793
367 59 856683249
480 879 54809779
217 877 274808132
664 299 428179107
92 31 599318153
97 845 741204803
897 304 440725070
501 540 960316507
720 455 960784769
504 645 904361210
376 226 745524211
216 171 54708483
697 237 498026442
274 467 294225454
963 67 23227378
195 278 599620037
666 875 211491864
844 63 378304523
160 431 447996653
736 644 680952064
255 570 909831846
211 788 625312896
500 879 902500402
657 342 866562596
30 242 431803630
873 697 585927671
482 632 236796082
386 792 209500305
672 98 669591486
641 741 901254706
87 396 186451759
1000 464 14104128
673 106 193312222
216 488 616669542
684 216 143451750
103 666 886307547
982 554 514907998
311 14 473771741
449 825 136271847
937 70 927689868
948 120 973079745
399 937 902840546
816 390 564306419
906 967 969828153
73 238 715929700
924 256 78325456
479 539 558009244
306 782 305015382
301 465 11352132
991 25 9225584
435 885 739528983
679 854 163636457
233 673 537932003
699 165 727988479
870 922 768619020
654 465 719865689
656 461 706121801
118 761 270276208
886 857 951160552
872 535 247055839
744 92 887649651
648 650 451316177
362 125 80586526
780 993 447012322
372 568 106304479
745 896 286280282
114 255 53697682
373 534 856274278
138 78 872339123
930 170 231432004
263 374 494234318
438 348 870509862
265 173 609451097
265 673 930233575
873 428 809575285
350 169 534495897
74 800 292287716
913 100 181373313
141 826 59050367
725 535 415029691
490 582 936544929
306 26 38054727
656 912 139515368
463 85 646668965
970 454 144449959
651 43 394915639
304 149 75572939
281 863 693601756
22 617 202939175
810 625 426879105
280 595 236033707
710 86 65360284
802 107 357650892
635 496 284570394
179 957 219409685
408 304 509005070
17 955 844864903
493 253 388126553
839 668 253829380
625 228 122684569
581 212 24776706
872 850 621667968
804 270 427583797
661 21 809628002
400 3 331718571
974 836 225333657
838 82 327177749
795 730 427852192
80 985 374779304
81 562 387765729
623 29 929537760
425 179 790688134
537 398 334112670
478 60 693719236
466 376 144787273
503 130 586482942
827 231 121346270
899 561 167608367
100 617 868827747
678 531 71251261
153 731 83882939
855 295 117693095
100 464 442409099
110 130 613080864
985 428 199736097
726 855 161522543
410 792 596385262
423 250 896335007
39 91 974406200
555 805 500477826
590 935 771616363
784 966 508773907
121 759 606225552
469 527 188572720
630 802 194473724
712 785 166684865
433 905 849899560
434 553 214559511
982 575 219168094
335 167 513696400
466 987 617770881
497 914 874309629
317 424 575074896
59 171 237867777
209 970 59213444
545 246 131365373
146 883 311755016
386 778 607466134
402 981 799467002
457 135 198848723
639 572 499762963
534 702 168187148
666 899 394700356
253 794 223305249
341 698 642850081
296 754 673702875
216 843 146079226
582 720 801812934
751 691 737468038
928 35 859310316
167 329 100467432
696 658 480829903
280 518 5285883
285 254 154129932
858 198 526508229
0 75 990894734
522 460 942996025
642 107 9397359
708 767 880539500
880 917 227849900
347 225 362883210
300 572 792761494
475 598 178304284
227 37 205659749
449 141 137394471
179 124 441067601
234 85 942649819
223 835 718910744
731 625 759348258
496 111 682360609
969 995 373364299
187 421 732144246
555 655 609062929
320 906 69677938
8 342 192623620
3 583 724882025
655 433 755900786
93 776 754532398
896 835 952989620
994 747 380774394
147 420 849950980
450 324 15486948
136 37 241769465
670 169 72404342
192 439 322421859
216 795 161063904
380 858 158718712
869 711 891232039
839 431 597570058
113 179 213745420
162 580 408341692
325 725 937495928
686 837 789786821
486 950 925849753
671 686 811996458
95 815 788564679
696 137 719127645
375 799 532097742
62 954 412992799
976 179 435799450
87 969 880869595
492 898 290972730
7 165 309295246
847 197 668748388
846 453 826961049
975 739 111950897
496 776 504099979
680 788 759571048
922 560 454996252
831 591 293828167
864 422 584661974
761 893 847307937
144 578 498405074
894 689 47065643
893 100 84779210
722 66 972987966
291 888 389024189
302 48 676472981
4 103 157568395
750 130 796539904
929 560 420602485
741 593 922106911
691 462 182739114
18 215 105698256
907 681 726993261
446 973 785300182
840 604 727707497
953 114 987521798
800 941 970166023
995 137 721323309
956 971 853752385
262 400 209371285
342 9 656142071
257 764 762068579
9 727 912533072
202 153 181139959
52 425 472575283
526 168 627525312
306 726 581824647
687 284 687370665
360 585 522401049
660 796 695905060
837 88 224774750
435 271 102459891
27 645 297644211
388 977 287997307
532 946 172446709
84 760 87257909
899 520 109014267
586 824 527877895
509 398 171756817
653 796 952466886
935 432 946773854
511 790 596653025
696 683 57092481
867 666 107223138
514 614 674850201
719 529 482730853
656 961 178380
863 229 455211085
896 881 266294336
816 631 491759008
557 28 565247067
740 503 856736132
477 677 99590041
400 144 880194134
374 385 64988777
296 890 705614494
77 396 539595784
927 559 523821250
291 422 672485743
913 465 889747023
884 485 694208204
117 399 9091836
444 864 262896254
981 763 399077453
384 618 124185859
157 97 963753333
609 197 896501765
517 762 588443864
279 763 305253037
497 968 891278183
434 716 59284901
915 258 116797137
83 172 908510527
945 832 757114740
995 708 807374648
661 886 742718060
441 0 834490174
952 596 213757700
896 259 146490852
76 798 379732373
818 420 571040904
255 449 453040472
829 210 265856486
277 934 462677204
406 904 477829855
314 43 991107349
558 328 917021028
117 219 175443747
121 510 226817362
964 827 791122151
648 806 58443396
759 437 875784056
881 623 71738649
221 567 73949814
768 5 480728382
302 290 481343696
279 844 7521003
32 844 192239889
279 540 274791590
888 626 442221040
763 646 507833273
747 687 575753566
19 930 42339590
639 181 336421352
449 59 929791652
1000 539 625380559
698 337 99134617
927 981 714016934
926 90 331843838
600 4 431356537
92 739 975986900
727 444 254832527
590 508 303554642
258 809 183147080
47 688 982277039
977 96 245065282
245 742 417302433
448 583 916854989
227 286 119577442
243 277 273712249
27 756 46210599
274 278 232551361
920 968 773220985
769 935 290780489
517 459 589685676
985 323 288459050
69 418 108035196
779 701 57187485
429 175 677686450
379 885 125905067
240 962 617464240
200 705 770046598
283 176 28666973
202 103 520833386
457 917 760005727
950 533 716943212
59 89 158509974
545 454 30176458
3 658 186368689
384 822 512285257
405 606 378155974
902 369 420871267
399 893 426113163
917 223 850099193
745 730 281282723
871 923 516975003
827 534 378211215
354 632 311989686
632 269 354642000
879 715 267535824
39 903 789278430
768 900 440354751
367 582 590549396
302 384 769033130
571 983 237935756
441 313 95379638
260 605 479491791
211 404 549983340
733 928 652679592
985 155 165328504
949 757 303854663
157 726 468630137
10 758 897354638
291 264 123286576
296 405 127525117
555 704 107816904
737 823 734767163
831 188 860645175
857 764 229336925
382 752 197634482
896 158 965465310
415 752 114522042
516 33 636899118
338 803 23629572
34 998 653987364
759 822 771653431
720 377 698319634
250 495 205518163
662 758 300967602
328 549 270920732
867 231 907762652
662 67 252116847
971 977 152969959
901 721 298519741
137 985 912379158
97 222 797324687
965 988 173195562
901 643 235842780
116 641 3715521
146 682 930085225
851 420 717365785
73 156 353994517
424 238 756004495
895 295 844973881
590 983 112120489
135 13 170477187
200 253 135818089
633 604 291148613
156 674 28474121
738 297 689472224
896 921 734554196
620 378 882754053
666 428 262668123
5 958 405299784
653 625 91080782
914 889 774006540
888 803 458752134
61 958 254214078
30 353 146460885
921 268 468793369
849 471 658317745
978 219 276883952
801 647 241599614
170 151 129192148
20 770 7207085
337 80 790499127
485 874 652683339
875 246 276222217
292 359 363546215
363 32 486132378
904 325 174513472
227 641 595136905
203 158 992012646
976 315 683772214
291 549 527772683
588 680 781227948
266 30 739650274
259 542 656806789
999 138 488179032
771 657 96478390
493 648 604604004
115 532 322138953
105 240 561827918
528 200 634692503
501 297 292337254
527 468 594611672
494 503 331589732
259 302 88776599
417 182 522642679
859 290 946776361
605 333 604628772
33 168 760364041
765 851 143668102
302 596 897302230
545 700 289477944
881 492 347498217
379 878 511449837
502 518 815568091
231 248 141335330
763 417 558640927
662 153 34553394
495 900 464841389
419 221 75389015
447 613 372886274
521 151 522586923
88 695 2905421
174 469 508571758
382 919 684922063
641 471 123664934
697 640 205074708
413 275 147090606
951 493 203955030
646 864 985559741
177 393 198474598
854 512 285782177
74 498 644052924
359 959 174813558
544 382 620706042
566 20 772786458
554 928 54583397
918 185 462940351
239 742 724994238
470 172 778365804
139 352 300192914
570 228 852955255
709 950 909884058
756 778 726952331
341 281 936644993
35 984 286267814
289 743 784825704
470 907 186745293
664 800 555601277
388 552 546474770
99 352 219494795
585 534 773004501
372 136 435906804
903 269 952126631
988 609 876956840
983 680 620538427
519 411 645671025
27 953 973122051
683 572 576118690
58 748 594516180
841 333 587246725
343 879 233552402
151 120 686692788
943 420 255435927
271 760 61385638
528 906 191122305
630 775 177375634
23 905 221884328
644 599 91591158
650 701 570562988
654 200 575318992
271 527 620975304
32 220 589286381
643 82 939277635
712 777 442997011
15 499 489667399
669 138 225243561
7 821 627409006
928 20 382477399
129 995 776550962
170 172 224513890
448 56 892597045
854 648 597705448
437 532 908770329
693 506 810924049
677 474 258323040
372 285 532177146
382 974 51760941
154 484 854578628
614 166 471380269
662 305 928212787
745 34 587839180
886 491 593299240
152 704 416720139
761 398 477079256
234 210 963264653
643 779 689790938
42 611 102758358
826 11 595310724
492 818 792622755
657 9 622281240
981 55 124064707
275 921 536473089
545 939 124864511
764 132 600539276
741 595 809644609
200 242 263384473
995 797 826559599
168 28 784626409
39 463 105761988
879 591 426999678
995 71 737834244
668 358 94379262
590 100 783209367
838 936 678564871
767 200 986456967
639 985 361250507
122 204 255141409
795 346 333031442
352 518 212271225
645 500 233944502
397 162 359553730
754 491 818680521
907 449 261764526
222 906 631147605
524 541 967050320
225 547 359009407
547 551 867653710
344 901 900803248
615 471 890386575
419 37 31623590
147 528 953868710
606 852 879651642
430 997 453472728
222 5 136771812
153 372 169090471
520 5 895494629
520 18 207267547
659 538 524815659
111 14 695328046
644 797 90932814
115 21 831886957
968 661 844999936
183 742 138829630
731 537 811822498
85 675 991604360
554 755 985913427
771 138 238324466
605 905 455422855
883 305 319203584
874 760 676904659
664 87 59594855
487 903 333132520
423 183 299351937
773 746 756916131
573 450 208395467
531 97 409927796
208 779 742741535
462 380 274652484
187 313 288067343
918 927 17629514
479 185 463922508
887 872 913748977
724 435 167736311
753 284 210615672
904 226 235018422
524 582 896966720
140 718 947396296
386 551 917852479
353 657 935459817
410 874 353997642
572 294 136496736
654 854 506489746
662 53 463052028
516 952 732908667
591 83 831301021
589 13 155089298
135 584 166531713
448 654 711940847
417 893 159125472
790 55 15126008
43 441 167317547
54 936 752840396
442 5 719954514
746 693 303469350
277 531 628884438
390 937 137475343
313 564 973571191
701 714 473645467
263 161 673082351
429 51 376340901
835 631 471466695
829 546 858744724
372 899 306400182
19 658 323017590
314 53 979410975
808 850 637924131
489 860 806638052
293 879 750515257
68 115 643059081
505 817 567253054
788 685 614277179
12 496 863363319
76 77 399563892
770 813 734655047
575 178 28744625
493 18 794372163
281 970 144750872
196 164 430772806
275 570 635396876
579 11 416323462
672 108 674191777
219 437 340860235
627 338 241709509
285 152 735347090
126 548 116146774
507 406 199430512
659 543 419152625
843 627 394409468
929 40 245009817
454 198 627767812
48 246 394528981
379 407 383005361
370 961 385348616
605 749 562555097
116 993 980424611
436 187 323639169
698 838 746984050
231 332 436378943
850 951 947319290
689 289 965251797
156 906 836474878
388 514 227030698
380 161 290894399
364 377 69350954
13 448 539849953
482 800 47572877
326 477 877171258
813 714 384481675
296 366 363009587
206 504 595494296
137 87 717024342
910 492 829093486
406 566 60807224
497 5 1319421
391 646 119351111
314 375 599021012
63 519 863996604
436 768 461810831
407 16 468946641
457 898 7014223
699 120 342021491
849 78 582382730
783 664 64010084
281 654 233194062
51 366 802687653
396 411 485343685
213 881 929199594
681 485 825363877
201 889 533230214
835 460 21831469
785 740 335992464
161 976 537613599
749 992 946924448
233 797 729096684
202 11 399540119
726 272 616443727
810 61 969227919
844 182 15834535
150 21 982505486
949 372 903249713
119 388 841968880
292 486 437929062
510 495 772262211
93 8 72562735
432 337 347683171
815 106 69177758
968 359 658017700
390 810 166609323
90 576 257434522
253 561 51305745
660 748 225228845
361 991 467412396
848 379 164236562
330 529 260175975
80 469 263322443
567 903 503840952
361 405 7200405
536 659 526972741
984 489 539071207
608 132 30078248
449 441 515217287
410 572 229001107
931 970 243889719
594 450 335659818
839 616 190077005
765 47 698245601
205 893 784354246
76 391 194271516
262 192 387821684
773 130 447577455
936 406 325943036
554 589 606864078
442 332 894180993
461 24 267584108
72 584 161559396
334 995 284356341
842 380 876642489
337 871 258815083
789 742 403436460
997 294 148052960
51 514 683468689
381 741 768003268
880 803 187580725
513 853 934305982
301 744 635087642
445 461 595145344
749 230 235233824
270 614 859856467
273 196 467676281
369 719 662029417
784 506 785087537
958 241 692005298
350 957 538896973
477 859 959605383
186 176 772136557
546 326 325149985
3056
27 601 349105520
541 918 860587201
935 282 236071892
27 568 71150073
48 457 493692787
451 351 25017052
928 257 166200487
657 933 592921952
627 890 299278615
394 985 836688361
118 552 753103232
465 870 878884741
759 765 131535423
352 596 506334101
611 411 584926780
978 710 162050882
128 129 45319372
178 213 213033380
284 323 260269557
352 216 966809635
115 252 410637573
910 996 324465664
270 245 588515731
643 996 823513194
352 623 4774228
889 421 108236361
905 164 77227049
546 80 192593910
327 833 438013570
614 960 911381906
991 722 733476220
153 89 777631103
477 686 240216660
511 520 813522069
699 687 674179083
190 723 116334727
526 866 438536296
845 648 901616867
753 788 194744865
594 411 284764705
433 899 379679134
344 143 417308773
998 295 5158913
147 592 815987815
607 623 993125394
529 507 725340064
389 219 938943325
307 589 86410611
28 181 752955087
589 761 208915583
91 986 681142546
763 906 39006258
101 298 910155013
306 106 787796299
11 15 28616199
578 303 265954989
902 637 19312265
529 866 8030645
530 585 921955922
989 791 65556358
465 236 772427438
779 611 836439839
947 556 500428540
354 225 509977757
568 216 475535512
407 774 92382185
445 729 496338638
370 47 938081022
351 651 900758727
77 842 845455178
948 166 438591240
651 18 929882871
509 854 950617340
290 149 741222135
303 501 879322220
527 737 97404781
126 120 801197439
64 426 894457633
144 734 849581874
198 383 270587145
362 698 281576560
448 806 61480142
78 710 310248159
122 641 879711518
965 162 286054526
777 844 548575889
263 966 899547304
60 620 505333006
479 357 778382593
837 154 584507448
906 473 413683989
966 227 319871363
570 580 340112967
795 798 40468239
208 403 379150454
905 865 611222658
945 810 789431029
526 987 469202250
912 226 13041909
320 103 557123368
415 422 703162394
916 911 545260553
942 947 123413399
874 505 861199312
410 81 422107983
587 933 597286827
442 789 713258253
417 617 501042529
462 539 198418865
540 722 614488032
82 624 193119624
889 862 890380700
958 634 246375303
825 942 162570032
995 960 363922426
948 889 236548175
587 515 570267251
612 82 928350853
558 386 406156324
395 414 570351541
425 678 327627089
804 207 226445550
834 654 479170258
150 412 122075339
720 892 184650695
757 692 287846096
434 699 240536376
652 278 21296483
514 71 568176011
880 181 34681472
201 941 903738917
189 204 652914423
761 570 429790528
325 938 350358063
388 655 39697865
362 287 43482734
17 473 776082733
949 90 116933153
662 73 451828339
148 928 292491297
850 314 389362826
442 486 691435622
329 233 481658466
570 904 483598875
583 198 59235422
144 809 626944274
732 400 472000803
872 305 3500795
656 24 82067323
362 84 640496737
190 872 680528358
836 951 369273781
183 127 385461705
566 635 636721777
970 178 140296923
230 863 106302462
853 665 762020995
823 322 413991167
611 953 939307567
800 676 307242019
806 26 359520514
544 495 414312957
540 679 83191602
953 6 560678074
859 719 24069411
546 287 375074618
342 788 492742087
582 766 170743930
22 867 582380679
825 183 10067643
58 596 918944947
385 357 191332451
528 567 106440386
193 178 505931256
101 152 523724419
873 838 388571454
807 412 128177497
990 318 615323241
323 924 109936994
565 737 527281335
976 931 701618236
911 899 468853683
173 687 495077377
304 466 900128222
529 258 971812218
759 736 641930018
73 474 755588239
426 751 123498715
878 700 94698079
57 544 452623276
862 459 400586747
857 267 637768887
336 449 614395923
811 161 221217670
894 209 802894417
448 672 462306304
281 551 686631467
625 573 21995531
855 959 655790842
714 836 718082191
305 100 661102224
85 307 216886428
161 660 87256600
517 79 500653644
531 304 772896420
136 805 867378712
571 994 19735172
506 512 207996916
149 608 90931834
180 367 618640419
378 259 429809065
569 830 853622030
793 297 292024989
853 970 857362813
419 740 487694336
46 464 51113787
498 380 327111552
271 261 431006246
600 673 39710040
987 743 35360461
48 275 602549099
693 461 836519910
776 423 374467797
527 894 767149600
287 996 345603793
360 223 419293104
952 54 435819116
415 684 379032399
679 558 870617790
674 837 785928374
440 264 475224016
881 725 529991462
998 706 56316647
675 759 283630426
371 825 46838496
9 952 178851008
490 76 320186031
471 163 185642856
8 338 723315677
369 615 626761140
511 610 751473393
187 331 577234912
740 629 38842225
225 759 586498464
101 986 339340427
535 350 402966563
452 345 94557086
522 322 899996827
312 587 273735840
578 782 108984390
920 634 472233736
947 817 255280571
184 613 651833165
844 849 551093274
236 505 50743076
508 279 199186008
40 583 562086215
714 373 436456600
555 903 104348428
982 906 581429889
107 704 612486538
857 277 446440908
150 75 27521897
629 405 690439220
124 1000 495984463
368 495 759057409
346 270 527567416
803 196 604364047
536 344 344487144
564 704 609670101
97 224 282241925
26 350 924342189
105 696 32327195
867 748 961538739
390 943 620344616
895 669 198028451
308 51 312393157
230 468 456102975
97 833 101338691
872 387 550076833
128 88 174822919
25 707 347041842
154 6 65305990
946 996 646880906
615 287 530805157
967 251 187173960
805 257 253559432
807 484 410205746
315 844 483238176
297 710 279579996
825 391 413586507
303 843 14785252
751 885 682208613
994 243 880048033
618 491 15197533
428 251 224524202
204 869 740927781
926 670 700069476
824 724 710816118
232 889 824249635
732 88 741854945
318 420 561220176
779 352 459649492
382 456 56115647
716 50 24873915
438 361 572555161
19 539 156059601
694 130 648037427
28 788 517767352
612 572 612927018
417 161 544258310
278 904 214982220
964 893 802307481
992 224 929112691
789 808 509278125
441 558 657041518
995 382 444125734
149 776 756582010
905 157 650206283
801 437 203991684
875 777 246319475
886 357 861132812
386 651 175804911
124 470 140244383
421 773 877492415
502 29 688386074
623 904 87796391
594 755 372764567
866 915 7744152
65 288 423664588
344 778 76817115
302 196 109875698
717 634 842167601
946 812 901980944
401 201 952283124
950 851 878727294
206 388 753995690
149 10 312688742
991 759 864787528
458 220 587090425
534 90 60224942
661 372 107719195
963 672 337893265
494 844 57285356
261 474 472710535
719 520 158852507
827 166 288319353
270 21 882864567
892 159 862560592
652 200 196496937
506 826 201065235
864 372 496558957
935 192 939386788
653 161 574132899
687 546 676434334
995 151 815130730
859 441 460117567
352 731 219995391
31 850 249799207
505 344 636431244
430 789 240215747
157 562 884920200
527 141 229507952
619 362 450812100
240 382 942246417
314 427 843294114
838 368 563485012
87 919 294612984
295 134 60434596
99 968 428662970
675 200 498734853
82 900 607921535
734 479 186756410
658 916 595873731
114 878 249007896
856 348 62210036
308 876 783995302
937 761 576775885
30 953 319334060
638 78 363558249
391 76 417753451
820 776 514212383
913 888 118706552
215 301 506802678
935 1000 753545104
404 351 790279109
256 259 68972635
549 250 542826914
977 144 918760873
537 69 790639860
235 162 907833657
629 684 52500859
383 94 487988094
420 453 56284130
888 741 273431897
60 488 446317290
994 514 166650196
90 755 242188969
551 633 944601378
116 677 759036243
848 379 498012176
385 131 306714212
610 373 547046636
99 768 186383402
535 465 145442269
37 394 116435430
8 913 423732611
616 892 638070332
378 706 960698193
944 584 68745126
45 116 960852367
930 652 602800753
30 272 582548032
668 513 290071288
638 106 668477240
395 948 467635257
947 853 597064374
786 716 56588493
936 362 135434362
381 807 287925134
759 325 670243812
361 114 606731328
952 32 680083596
524 682 90010942
650 285 664505562
721 966 466428053
293 926 36912278
430 660 769365337
504 9 952181736
901 570 438318701
304 26 727735363
649 766 704386872
656 21 440212937
211 123 52940032
73 477 392905954
86 754 189531013
111 21 515956075
547 881 14899367
429 27 994711134
199 406 933650395
823 631 955742958
509 150 20569003
854 494 134580048
300 109 524928069
449 281 134654018
946 544 632058694
130 304 142992248
278 530 152489679
356 109 122030482
13 435 45649696
201 589 715783538
573 937 86457838
222 964 103065155
379 37 70263221
418 406 427787588
432 371 349117101
572 305 494720415
242 282 171047130
218 707 492414344
147 151 194257185
239 803 840161507
189 982 929756770
612 636 161214126
81 297 27724413
634 149 300767354
601 349 605400572
541 612 985968423
2 800 937962658
523 789 190301320
579 198 611153452
28 368 796396719
936 320 740747097
372 905 401331237
483 922 216136318
574 778 604948267
237 983 237226437
10 175 257555656
233 472 702785881
953 246 298136004
328 632 92100758
125 870 171001547
356 814 149306806
663 795 352663041
583 979 1356056
851 994 252195220
354 674 953185988
414 628 50920582
551 237 704691956
273 323 76558682
126 566 534754114
10 511 948630654
470 830 900576041
290 753 288393884
402 204 271891296
377 340 268300384
747 162 54263212
351 305 292630015
121 526 956791105
721 953 92209813
796 206 303882497
794 768 49303524
737 978 42639704
981 992 526164443
798 891 536484213
114 801 317449700
331 643 442038218
476 623 404386852
468 929 371376402
857 533 251979973
771 77 366438501
931 840 212848455
171 764 893362169
285 376 967351546
537 488 310687507
967 398 806764068
718 908 753861216
714 641 702872857
302 874 971067858
971 120 412849230
255 370 29088169
77 544 506862146
151 504 385793115
83 468 244508509
135 489 177747740
871 638 511763972
540 598 879156388
52 748 310532387
713 835 130245410
477 16 212142733
165 611 869965834
723 695 947754607
574 872 116032741
982 333 347341875
727 85 535703503
694 493 958713853
626 968 28352423
372 764 943568042
359 650 940485868
55 187 759115152
191 97 684409001
328 363 195357779
232 449 83674395
975 278 378582075
847 506 901807277
88 151 842113833
369 721 523072652
148 402 360136560
205 889 290057582
862 243 8789254
572 601 432873774
852 606 856535713
918 852 701415691
843 761 864872628
390 138 258744393
322 190 92216185
70 800 679565538
611 290 931595307
661 581 258851750
220 318 192795065
792 998 181431378
1000 795 646880317
309 814 176427893
671 373 26805685
578 554 214064731
749 433 67764373
176 570 87920048
568 826 131524753
989 147 134756535
3 960 462403674
909 248 69209783
968 399 460929864
478 36 605975079
944 532 982729348
747 274 962473058
223 460 214446865
424 564 172037976
326 992 899848607
554 84 499960227
870 975 878560060
646 492 135789342
732 214 5379089
421 166 103836248
261 941 253368517
213 242 105354388
631 850 104320195
115 768 396479004
972 146 132322585
658 611 333605682
884 144 834006352
85 420 489058886
498 409 625054113
869 579 784359360
895 409 123876720
15 460 111979541
97 72 253142010
696 30 110138856
608 404 282529390
780 824 819103673
337 169 172903552
459 459 847539802
66 95 65645103
355 206 209568869
439 540 231804550
713 651 506091667
356 445 110502306
557 871 480563873
536 775 861727189
597 343 234216703
691 337 69499226
221 840 69667596
454 1000 100833832
863 811 478827802
301 521 734913515
526 998 891992776
862 238 22774720
420 108 249328477
631 879 766521174
982 651 105027186
531 205 206922989
105 805 989668348
869 364 364220255
194 233 916038057
588 845 463523771
479 41 235601741
806 891 619980332
874 598 970787419
334 704 39002974
544 495 33552912
523 617 41930528
908 412 85223272
211 843 682543371
359 687 321719286
186 441 418982532
10 112 95006571
350 803 773775838
817 781 950651646
171 165 501302238
348 142 888137465
55 252 841101005
384 751 793377964
694 416 787613034
773 371 63195623
975 611 950759212
958 438 281430749
655 963 293498926
75 866 995837036
643 90 408153551
9 358 250403631
444 976 954397818
587 312 691957383
155 531 938527857
648 616 154826013
478 107 978803323
514 898 851815738
979 231 139970810
322 984 620432041
426 563 183268088
510 552 652394534
186 165 18070084
676 112 642722480
50 39 509298258
127 821 462907624
376 632 193850710
693 220 298799338
209 933 577315314
370 887 89699564
489 727 624640465
717 385 942810813
828 276 762032308
260 961 104008863
110 635 828170636
92 134 324241079
883 767 177208190
730 156 842537952
26 335 90671483
244 681 398581335
908 12 104819067
851 586 271296734
488 311 78569145
740 120 906910542
953 984 626447
57 139 359793445
330 375 976058634
763 298 794335806
734 142 174269583
323 68 544879511
185 806 728085693
324 297 685644031
708 478 915265472
35 288 732087481
683 875 788276770
284 749 190839525
862 197 182996507
16 68 463461344
419 411 272977989
656 914 731091762
658 464 470565900
57 305 951835283
450 971 912740614
897 958 589410697
682 926 52608668
647 232 85071618
588 170 686225745
562 721 285754307
359 265 209161174
824 151 970956837
482 665 455541846
743 589 919899717
380 766 112625024
810 177 451633102
869 711 380942859
559 333 162852701
56 18 332847322
107 499 606382937
127 972 865854447
478 71 908198521
793 221 581698694
804 584 838128700
769 602 36770040
58 835 75352746
785 39 709508903
882 679 930443055
107 557 500412178
970 465 254981930
238 951 49125908
432 132 608628373
170 541 34429929
761 139 850156747
467 701 140015754
427 485 437243972
628 604 328852414
881 897 561169870
839 487 763138990
503 385 366405123
377 758 670649483
542 817 585897320
700 122 332013310
317 111 621400002
974 545 628363450
6 479 706487823
208 485 197980567
397 311 33824908
389 778 201596772
545 789 542120834
755 495 599783769
297 640 428214244
706 534 830341664
988 934 940306562
953 159 42729674
59 550 961287845
366 210 928241240
992 905 360487285
885 663 370225310
996 599 71614298
19 204 338666180
841 928 811948397
878 358 643685927
149 997 867890611
109 298 796681858
128 866 100117314
179 20 65851142
331 686 285452144
308 984 1158077
133 525 641934924
896 699 293939932
665 35 170624650
866 141 822624592
816 460 144389172
952 601 930592977
348 390 235081609
689 756 209613925
655 8 339509344
673 40 477544256
793 235 909822294
944 178 726242500
875 9 474090251
733 18 761143065
411 932 216555697
595 726 147436986
288 861 622179663
527 243 894677665
77 511 661640300
605 752 33227061
904 318 20187007
587 829 793368418
27 145 108081964
197 845 812239138
121 799 208949016
968 769 900388729
697 511 259010874
237 196 414633228
270 904 438896960
153 353 202680426
994 194 350266617
765 717 90940773
508 799 136139704
894 530 470479185
263 550 871529798
862 340 559687087
323 573 452437555
437 279 944755330
682 462 579827069
566 286 48462477
92 547 696415582
827 984 186433056
454 25 523479794
484 609 549529962
604 57 929276128
339 506 192025012
502 10 516540006
926 671 632224255
89 313 336993910
765 466 139334190
988 222 920614794
575 34 923009089
748 783 247564888
451 899 488810296
955 250 140826215
635 15 390173961
408 452 94693568
977 456 974894518
517 852 339160889
917 134 498330614
294 597 992171869
916 803 532804286
832 876 483710304
725 133 954558755
975 414 635218661
345 298 933151759
148 646 86352307
519 296 998663256
899 624 73547754
932 527 839773562
315 581 436242035
355 882 770629958
964 529 189728825
426 873 193546169
564 488 439607562
190 458 288124771
214 150 678498093
482 145 132167411
983 77 963423124
27 14 937432900
135 603 302791811
72 954 853036817
86 79 612933092
975 671 802832026
245 892 219974687
256 279 201485075
240 948 823534676
351 193 699350180
991 248 853629185
799 929 304797156
575 581 777481829
7 902 990749148
459 239 849965301
437 700 256567433
68 846 901002076
97 744 417944631
408 435 101190689
642 892 750362012
6 768 281889472
647 766 721998594
57 988 80753411
63 376 497697675
508 299 617432481
213 635 13494675
902 876 574322430
357 514 36746044
485 617 467476445
990 893 76521976
346 278 171180504
71 698 256277271
412 803 448346234
755 30 927716242
524 949 916007577
241 1000 988397310
572 140 655011500
282 824 32796975
463 658 794487000
867 358 238349080
97 751 239492947
356 305 501614482
891 309 251216935
476 376 807506337
33 107 988289560
166 852 588246823
206 46 772730368
126 908 10703954
133 111 569163527
735 58 243670175
503 975 279481367
573 150 442279002
909 524 317986785
21 688 130677803
961 892 946387222
428 616 481089103
229 556 505347709
998 112 139057107
116 182 386021522
317 211 694492966
681 798 764376941
73 585 853825224
70 996 64788053
904 253 720346470
274 295 939742812
316 40 451067526
505 364 20828104
15 926 439694054
124 173 944464844
565 368 379125352
684 608 666060486
55 54 913869325
759 769 371924486
477 163 159065953
237 175 601555471
804 672 725209369
322 854 956938852
707 360 444648363
529 82 731184526
326 14 276533539
744 953 40166729
659 115 451636703
864 96 616852303
263 856 825830639
832 738 205053895
376 290 829103270
123 971 389506492
401 369 357646132
345 846 397816853
394 736 930334493
254 600 992937075
728 615 996016023
619 135 22542457
137 695 420767177
174 556 143148752
788 939 83159744
871 684 978935212
852 964 229414618
331 4 25229214
184 859 467542281
575 219 908751304
942 983 731537190
614 879 508626775
500 895 356695999
741 774 951045265
581 530 480887050
981 138 273320703
362 90 476435451
332 532 35284975
828 671 191236066
91 138 937772184
620 677 519189929
985 496 2160400
103 660 615432083
24 441 422969799
868 796 260881918
633 118 326681213
682 410 135025848
926 741 572519509
314 698 710733817
366 952 168493107
747 457 126031665
894 929 80057943
884 734 432733537
38 961 9175899
903 95 124602333
626 106 743110585
312 938 855644177
591 898 66852051
146 986 592410940
113 780 253004831
953 420 922595724
614 783 753125617
911 230 611679546
198 771 547712764
775 982 778234324
541 771 725999899
888 760 625922274
547 479 201461938
554 966 69966959
329 567 723957380
712 683 554952783
40 249 171800449
262 663 940662341
744 662 503523100
532 524 355415618
10 357 121943593
638 176 397236783
188 752 348920096
972 663 634314384
878 506 546092321
621 416 105287098
509 817 874648949
598 364 261860528
409 948 561318293
560 293 966401157
213 216 48478908
950 286 570720617
358 790 891887877
766 537 901209835
205 35 619761922
886 829 730428266
921 531 943356821
612 394 707407290
62 164 719745985
149 391 142835865
78 697 33376916
154 85 234706252
610 459 975112579
345 524 359129639
100 6 246700211
961 929 895544390
147 61 280621630
392 23 295950057
172 782 564010476
949 431 90695915
534 174 236267274
90 742 3795990
291 724 432005583
710 173 815805332
640 127 609992745
27 518 41164985
461 871 183744854
65 704 283685286
995 865 651552758
651 28 12156368
791 875 331204082
280 114 135649269
203 242 110302702
538 982 534991559
877 639 58914050
844 963 995134917
419 423 23325136
272 62 25487775
15 484 661934748
313 508 441697940
469 162 649739240
906 957 844914266
329 119 916375333
491 773 416301911
390 796 537895220
457 65 180066735
980 313 29233278
346 721 682011714
234 107 936516069
520 465 67722863
32 732 205852919
880 36 206112331
143 196 715433036
573 645 780129545
678 511 782925882
181 299 776437395
284 617 401133989
465 197 983303385
301 650 628617350
801 75 432333776
586 290 896890851
46 947 387793741
115 599 644882085
4 30 120549399
520 58 91932761
335 101 31224334
387 797 273931509
389 615 12047360
988 385 689457063
45 486 614754893
292 175 383814850
354 591 76135994
783 168 297559440
951 27 410059719
153 427 778194031
690 195 570281179
647 549 184123012
545 350 930017817
95 879 289116467
172 460 804386979
304 773 116149321
115 392 226692581
586 27 161739243
172 570 248772376
489 589 976442715
677 826 43467221
713 117 633809657
594 866 298803486
759 10 335563682
387 500 369317272
329 748 483748340
422 315 95457268
1 391 577997809
761 51 632151039
587 146 157763952
781 935 101528564
272 260 176944142
830 807 212800071
676 234 890822315
193 211 311942534
942 407 151181926
837 657 439842841
891 42 662842224
150 488 91305187
221 378 589724004
118 904 927014167
294 82 567255451
199 701 79457250
112 731 661823333
313 809 287351900
33 468 516386038
386 641 642512671
365 572 572781168
269 904 237438223
861 178 750177672
499 546 692266407
864 591 393823364
268 540 384703852
671 130 413088974
214 684 438585081
976 499 67144166
881 892 658869909
165 630 687452142
468 243 389166926
312 140 610347211
249 213 855503994
792 179 857778668
276 648 408091120
34 712 348463603
957 239 72918355
732 896 209639184
317 645 465872485
944 624 62272740
315 710 17415358
606 864 811155356
615 847 56820752
454 206 625378856
519 331 246622303
374 300 421032813
370 110 408897799
213 938 716090881
428 578 374682658
648 450 158464868
458 457 181200327
386 38 893761255
8 894 583211141
664 206 472823600
598 505 761487499
715 994 603316942
212 269 143104008
539 28 192761152
361 549 892344736
643 404 885710098
786 92 776112710
2 146 849338269
53 633 296784233
494 691 938765579
569 205 709027677
398 47 305413930
645 190 177936842
824 675 426861868
850 296 475996420
711 869 604242231
958 332 638449918
852 198 81655319
629 68 398855057
704 11 438114452
656 905 316245119
589 73 358093500
879 162 228646726
874 379 479394312
158 119 23339054
507 60 790991882
629 533 293504048
374 62 721056299
878 99 299345254
718 955 406879942
759 344 972966780
333 915 329876417
865 194 310281417
715 535 957259283
847 90 186810295
59 407 1646272
90 884 74813689
407 88 3628497
728 79 105028249
426 672 902690408
599 205 201966946
184 543 64617417
898 544 591058836
912 394 206727583
678 57 445677632
710 791 56007363
865 874 393453793
278 367 140755725
151 432 38086386
912 432 672480677
894 315 525477513
386 113 216648457
816 91 629913621
399 96 238338790
637 916 515129224
856 419 226258543
275 16 86308741
231 298 397369908
504 890 206437019
727 743 888836115
534 986 473227547
842 310 237328507
289 353 481871121
902 17 921570457
444 709 716273223
967 38 724366834
429 916 766150375
348 436 321348398
977 746 587588713
14 282 919084287
480 476 871802457
648 300 502675066
868 988 974543431
579 598 191213974
981 64 573270378
391 805 753511126
718 846 74986571
666 244 530030580
282 565 143434961
178 159 459364179
315 190 854643329
680 432 273757282
18 115 334255249
272 673 624510993
501 670 335608221
528 696 137659074
427 95 30394353
899 131 873031899
758 774 828120271
239 710 931154498
227 315 728203830
708 109 412744021
409 713 935653564
407 933 35145212
134 903 956445839
804 704 105869020
614 879 267154891
164 785 227105090
478 434 758465914
945 908 762412731
375 602 252539150
348 835 221194913
180 291 528643388
228 301 648249846
937 419 247293499
849 424 547868416
991 824 625113201
175 356 759760827
36 812 564246995
525 358 326914151
371 715 548143484
831 228 909813675
191 812 715838249
922 306 916111009
105 2 49913479
754 840 410226051
674 242 982115211
551 34 17461482
163 599 488388981
740 359 824411248
398 563 570738361
436 656 184172509
411 425 139907565
949 544 989683325
45 442 415623784
236 898 861205033
704 15 570843005
363 181 97137926
325 55 747208794
464 589 794614327
720 648 656406001
876 298 525973911
368 1 889564590
819 667 909633253
849 364 855473892
224 329 597600311
140 946 437288023
762 876 959845677
337 611 747893323
374 102 649294362
487 423 640517530
394 782 334755956
164 812 559412558
601 379 513265994
126 282 128597003
942 451 410445307
935 916 6510427
8 148 250857835
575 22 134726199
53 577 11343200
259 360 687080971
516 906 364241884
195 910 126476274
906 723 205943134
729 279 38172400
547 97 13346896
825 866 905135144
546 198 502670455
69 357 349771479
535 234 452974189
611 989 277937577
472 787 362911824
788 447 692676679
219 559 329261080
53 159 929502202
993 29 118638066
164 953 863160934
448 669 416879273
237 112 239413557
384 86 166482239
214 641 543243785
606 242 232963796
586 446 290805690
890 104 209937457
145 76 270771455
529 122 70232728
657 982 358568075
209 499 160106861
32 278 620362088
626 630 621960054
883 751 755927382
657 522 971787682
232 713 851951490
168 451 105401328
347 809 19262457
188 245 104638230
476 341 50699172
121 424 138921917
947 771 832748001
571 913 711026737
528 954 215189156
687 888 614320672
635 368 302945758
368 623 133374715
884 7 917986072
334 764 406898077
368 588 428011864
181 386 360506550
565 869 290275948
483 591 986749069
989 752 640516264
627 850 340827577
720 264 730523565
942 36 712852261
928 260 834767011
88 693 250895850
815 407 783645062
664 91 340928128
8 451 484537436
161 801 925149165
774 217 893560743
789 322 378082153
877 48 416007817
537 535 366847159
425 237 668277604
842 844 724085102
861 369 32792093
543 390 486583916
595 139 304426415
339 615 502241890
36 318 559334108
248 134 639814652
281 126 79087817
548 511 195443500
923 29 18525044
179 546 957553760
581 418 672733007
592 715 987958355
66 575 566578788
215 754 969821953
768 695 232772880
222 33 343981343
782 201 391983611
385 277 492695296
589 275 746049238
733 996 697570710
542 24 996063096
565 18 193339406
770 491 55728639
846 65 650292359
218 33 489299181
348 457 122889988
875 40 95599957
799 264 810982820
650 553 13848407
287 575 456016322
709 869 390957231
808 404 917589221
715 126 215490483
230 940 784527362
861 44 857704151
506 752 861877312
124 795 528953925
681 193 8211033
233 708 554092862
539 955 545307667
425 863 802563057
996 96 447440735
8 207 247998118
41 264 298387415
759 935 104137201
146 254 756435457
627 684 784663122
373 783 168127151
477 913 352522014
350 931 57822391
797 144 246852667
744 488 687411683
202 370 290424398
103 193 685061553
216 658 330762188
766 626 368166906
354 867 994060548
606 527 325919696
988 974 210416936
55 753 437321974
490 66 878838912
550 991 621189221
622 844 827073670
575 655 546059800
119 124 47821724
289 284 651742750
710 738 275773692
15 202 705326877
980 994 847611846
146 437 843456624
171 143 541148137
323 108 959029710
371 114 318319745
494 341 680090346
456 195 840946610
683 744 725807132
866 996 305803645
339 630 359503029
160 648 973071156
186 696 527748305
14 354 369990463
804 806 443142908
930 313 76512581
129 714 721373720
978 942 938964748
778 955 811091600
427 525 177816179
132 340 58400081
925 193 792534040
636 109 173037198
813 883 821546084
335 803 973669825
917 288 510728792
996 977 240486630
792 502 667622525
355 351 185168818
397 67 560782285
964 298 76068015
369 601 125294486
897 707 572138650
395 510 89309014
110 953 22055643
446 780 261947641
10 990 193076239
933 966 151932919
846 514 817449290
590 394 655045962
573 112 486993383
981 237 765288236
550 488 204203386
187 1 776979897
373 607 63583836
986 676 221059593
596 88 358661296
543 8 698834463
856 346 458266773
848 548 8376153
775 541 605273155
221 297 399534179
433 411 87364780
572 673 192552654
704 40 509377854
140 179 161754303
350 741 95773992
782 572 447627431
246 333 510034075
213 406 245311857
795 37 616943054
209 651 475597973
593 910 486188890
510 737 837770919
215 930 230175714
905 51 615058437
575 667 121974166
316 729 48278405
873 108 305829577
979 197 810132129
350 705 589688488
269 117 617943675
232 239 618909789
650 680 111053821
897 609 639822562
974 734 419721626
360 873 870968856
784 265 935268743
484 207 734144128
63 365 900105095
929 87 430863068
429 405 746834807
699 0 237722152
301 901 120082522
206 508 72464154
280 243 678575796
789 298 257620495
583 685 134155064
741 901 489211948
475 165 122077703
143 153 549212729
261 124 793981170
365 358 909620679
884 594 341163520
71 247 557357981
969 211 105029543
260 39 488826393
247 674 982361381
604 44 805578904
254 43 175069638
859 752 48972188
666 411 459487627
585 996 303734437
98 773 664534898
264 298 137131964
584 684 809595990
518 276 925265937
695 860 810810630
137 378 755403972
702 323 238067525
173 256 151406736
480 225 200960274
265 833 842787859
782 506 682004832
868 427 941445444
918 572 774388856
908 132 689669671
673 130 668609335
340 268 230701296
464 992 325206386
379 502 485536990
418 723 90134424
125 128 603074318
245 214 597877191
580 530 271198429
608 226 710079528
705 221 30401190
818 173 512663355
987 878 74511130
809 638 679924604
342 220 93354233
898 932 863070495
502 231 693598619
553 617 748662552
941 355 696377603
231 453 469439530
406 729 500801780
643 985 771405101
704 244 858951305
225 430 165007078
539 655 119451056
971 389 359513614
128 561 539955374
33 898 539701318
943 859 139059139
138 718 21761466
727 257 807096307
695 38 99334832
639 194 557388081
453 313 430809491
813 691 793634017
270 350 670524883
169 907 477782919
573 717 721090950
576 2 808198990
620 54 487046873
187 614 75184538
2 288 725880515
611 159 907115109
610 563 908733148
70 589 863686972
297 826 383570400
44 744 444513650
601 289 490279705
335 588 718713916
643 394 24720355
638 582 236711569
263 235 237290530
388 833 820992383
659 80 262782586
970 972 557444753
353 256 859645536
826 897 484303988
561 585 825088326
277 859 61060549
210 377 941283056
356 78 406336343
372 444 131715943
262 829 408041956
585 437 768005646
555 811 112090928
560 494 830921165
718 699 643635433
943 957 851012297
491 211 116305720
613 143 961693696
758 145 754933255
668 322 167717775
639 212 590250660
467 337 501825996
434 995 973669526
665 179 67567970
114 360 641854478
917 244 239902061
952 751 874011944
646 602 104227888
655 670 173929809
378 70 561290921
330 363 56081115
30 704 294368686
477 419 744856797
994 742 708334877
810 496 37862000
179 660 153423913
865 443 18956467
813 0 886258269
869 285 719069901
694 652 986658008
316 738 982143106
688 832 47446262
130 666 790083776
739 754 74526288
462 88 457787145
530 193 717990565
712 860 113400994
930 462 785562790
738 21 158529818
453 987 417214317
937 187 244381611
759 444 30421129
300 162 259286639
689 716 73501305
99 799 694755266
711 338 82394424
19 977 1925105
494 180 466487280
897 1 724287744
59 707 897790020
930 689 909111885
273 18 257854840
183 285 951670536
32 395 112788362
330 230 791235411
463 854 997984745
116 167 612976538
397 641 941560455
266 799 704498745
862 683 76612025
223 364 85586778
74 306 548880336
802 96 899916928
161 674 198102363
381 379 612100997
76 641 572856541
489 181 771001556
691 743 770646134
971 567 266841754
974 215 54808852
574 498 380187539
988 853 162709857
857 557 401741649
991 468 819410895
4 16 241948031
55 505 912132802
488 865 976393187
638 437 352496668
215 393 527302040
414 415 334612813
32 152 360071233
845 332 573711689
132 987 362274926
240 662 787120546
884 712 78087299
834 831 5618962
508 935 507582971
103 730 570994497
666 848 700733264
973 495 703375805
170 843 883363247
956 642 168787315
411 634 556472133
888 886 152148390
386 457 721749273
48 326 480079289
10 855 510153441
659 788 582739712
85 203 920482225
969 570 857758204
279 276 811528206
353 527 791764275
376 365 803307659
287 665 579495790
570 642 631733459
939 920 978529836
261 201 565465951
148 36 916247116
928 480 736469383
458 922 824857743
204 76 165791185
297 304 345383702
434 825 711883176
262 13 560660673
211 748 513444004
453 320 310168763
727 820 904740836
78 441 393961925
403 363 750046752
400 450 661865308
467 168 847755619
532 837 305675223
462 679 876813940
783 232 232243642
806 934 17907206
820 63 955165231
160 615 748967222
855 766 211630073
66 145 940287679
59 224 392336257
590 94 75876435
886 226 155755754
467 565 698645436
457 598 384164716
690 137 206531819
817 328 804355149
915 174 599251074
859 925 851605327
690 351 596334358
169 857 715114998
426 352 664378152
422 574 173543197
633 1 8398572
654 789 920417635
848 647 58719664
934 343 657636475
518 222 76816010
285 509 537918259
226 300 656001194
648 660 102333
940 296 619463998
253 147 328224367
978 770 161763575
551 915 610366986
687 46 909817763
340 16 274685248
995 28 632073701
894 963 244511237
139 880 277445132
612 29 192372693
440 863 751946998
224 159 397718173
476 734 24693119
469 901 522398462
677 412 138146874
714 821 857128483
578 701 803894305
955 229 932379956
790 861 420249794
216 129 653683092
29 830 429713502
773 634 915716481
430 34 816138173
430 299 699734798
852 609 153484665
172 637 761129130
734 696 406622927
999 695 107803649
115 340 329302126
145 910 652902091
159 334 485097713
903 229 488021469
161 121 132496730
524 633 201014578
841 716 127557594
911 413 247388197
549 421 773324424
467 131 38514635
892 282 314723237
149 758 214966039
516 465 199442387
53 486 32797148
315 213 575335
400 585 147413379
172 510 622085030
877 47 407300927
301 49 510110553
31 694 281264931
805 49 45289281
258 789 598564994
407 495 652129627
473 172 338145163
985 112 654595784
322 751 439119215
322 402 758651972
100 178 281967737
907 230 11484508
421 267 707707471
180 772 46959131
673 275 732455462
782 0 183697947
590 402 402137591
141 785 615087125
60 234 117991031
511 414 397782660
433 347 584757400
827 955 208949997
525 374 633144804
637 144 180192023
495 205 352730019
86 631 573494610
205 414 980146914
669 191 617297960
230 309 762013427
124 489 886954643
948 111 382064346
201 918 52367875
660 569 852779213
904 37 152348148
207 902 851791459
269 52 714371812
943 216 282403391
909 727 930000501
962 87 209354439
624 61 748579570
922 224 615374890
273 715 58784541
343 73 501818837
538 50 383299038
223 364 528718575
616 222 55552190
195 234 786640089
726 577 959430804
664 738 655749541
688 973 298520543
550 937 207786057
864 876 702926565
216 220 189977041
641 487 926722672
396 500 49079734
55 554 834258968
46 928 528585185
72 328 767138766
447 201 460245575
546 30 63806702
608 563 263850780
802 902 848488596
837 913 964809020
614 954 145480835
212 761 182929180
901 600 815969143
110 509 107288078
433 254 687966171
905 775 940656690
251 806 943009258
842 852 473699510
418 443 914443143
303 634 180691272
109 803 350388832
531 888 881753040
511 433 71944280
518 27 362322990
478 272 858252333
253 330 461820327
441 493 257118199
88 100 785713411
423 730 539123747
149 551 341205899
795 947 790918943
649 979 116860370
349 690 210486526
978 870 145508472
538 539 36482080
810 687 231997704
922 83 658354559
322 574 971785284
336 594 696056732
751 794 568550687
493 847 965612562
936 147 122970026
74 215 413277156
317 425 652096627
523 966 494741643
307 448 285478961
45 821 25820886
669 449 673940869
681 708 694737547
91 581 110804226
837 193 777736658
969 151 448169713
269 956 470290580
103 907 634846774
799 880 71900250
798 82 25235563
864 716 681460453
878 793 368938920
574 371 841957356
695 791 193097079
488 204 78896056
843 959 497794823
566 147 97321710
295 888 733631318
905 80 665006149
257 908 841073807
130 461 847236550
161 162 270240562
629 25 477416051
103 288 945428546
634 741 54594005
613 913 911308706
101 15 494046410
11 891 418022047
848 664 140860094
156 802 736352349
23 903 853219458
722 220 92348583
144 476 52778677
158 755 706265974
167 75 532080814
493 946 669450712
617 137 262944170
629 321 159758523
927 557 462154428
318 501 623868391
749 900 574702021
546 397 635945712
312 703 25601476
598 887 886349680
537 31 259809305
1 848 397667455
20 115 720840104
649 515 97350525
226 239 834137673
321 802 594420595
85 194 726327508
941 719 128015762
145 300 83640123
257 276 960025491
10 767 298718807
502 581 699814829
129 843 792344898
813 240 282916659
277 812 566666676
300 917 381751754
217 802 756240322
38 350 49193152
138 611 857956129
977 863 964245286
853 745 995560027
168 49 169726017
728 88 561953034
485 667 168747
374 808 852474434
231 485 134972319
151 881 601118120
565 214 750927787
141 860 59700848
310 239 747133570
192 651 193392756
425 621 16037914
221 592 387336138
677 689 326293229
622 297 90886273
383 116 435656733
127 492 693164407
752 725 81909807
719 180 803961355
650 61 6741014
534 510 200405382
700 896 867700186
790 32 979428444
240 380 708557510
16 797 547231874
300 912 647165544
211 143 499130104
702 186 484911092
399 393 971572083
548 336 211187404
578 913 383712932
173 327 857398392
564 794 395096038
784 847 191615398
892 511 950689466
115 607 730688013
863 812 780712467
442 490 422077393
159 161 688871321
907 741 693791570
150 768 851717418
938 443 99198771
218 443 273691832
270 140 552113037
482 591 824129035
262 80 64830060
271 85 52090837
823 869 48828538
177 774 39055634
393 579 17194218
536 195 493592535
723 417 99987445
162 974 490056326
506 215 779859301
497 484 779196287
735 841 99815570
718 552 439618170
607 455 669516798
862 348 352685839
411 846 496638617
96 928 552168976
220 614 326614737
683 69 327971188
751 325 874649566
220 525 495622236
763 587 337456448
746 287 316206924
450 593 194110976
586 610 458900622
157 59 454941141
920 251 998524172
519 844 299477238
96 345 688764912
797 488 561851624
195 78 690514316
574 229 206112512
293 659 816638798
134 93 623561671
931 711 988878784
979 683 564684211
128 563 24742034
422 472 36222254
526 772 718888903
856 868 859581454
48 846 427924864
114 466 666020118
959 224 247713933
648 360 962148296
178 324 150708269
295 644 53501900
6 127 17799798
981 410 399669049
256 358 942411311
792 61 339473267
911 986 513365307
813 735 153561023
69 509 602473768
199 694 398999115
460 49 945432749
864 346 159156245
667 601 777700931
819 285 274564452
844 887 860135577
742 809 886301522
872 11 308137378
435 169 996357742
529 236 276438123
820 105 31934490
781 753 958402428
125 603 692906911
738 906 249174494
796 115 826454843
781 464 883231344
300 708 743386574
143 721 285352718
467 631 206253416
595 464 777871221
131 113 515488275
516 767 400136766
768 482 464055667
141 578 588191428
768 820 342034801
342 528 665600617
377 79 584138287
578 562 306754227
92 537 328881541
550 745 553918096
304 546 970359114
824 637 822765220
435 34 774543359
593 259 8473805
907 443 23258773
925 760 822060981
583 32 708593874
474 795 511080394
738 404 36244095
144 28 590497198
323 494 801105609
686 909 743503444
622 869 886210949
107 571 832102980
530 586 430672137
420 459 737501692
577 803 332888164
680 351 196472990
162 632 926491143
798 26 418958535
430 893 227574956
226 719 154047088
600 728 504339547
236 997 385425866
725 492 864801083
795 560 96102482
668 275 899688914
346 571 7703489
341 944 200214309
479 312 301701671
250 234 944411729
227 487 222754753
764 449 408405763
666 668 203479832
345 687 93437748
703 525 228038472
838 812 32671734
609 226 457655115
271 844 990495935
352 222 694896681
514 693 351016763
653 309 514803746
689 763 159852521
878 243 324103760
661 917 132773175
97 822 873609850
649 483 338504868
270 643 865956257
475 674 252223553
661 979 773879971
783 887 22009282
749 240 914722119
217 470 895579593
131 597 134162678
746 926 766599705
692 353 399951985
859 993 633084495
468 792 773942831
776 765 646203400
167 203 162512680
418 677 490849065
927 463 193840342
595 459 441759562
743 972 465733776
723 118 313343041
782 87 526705875
55 206 313286817
487 166 223793309
65 470 945287724
601 657 994966849
309 570 317318701
958 671 366358148
275 460 503978864
732 661 527665384
485 174 608546626
733 529 381330607
656 401 223664243
926 334 488145712
764 26 527919435
708 551 516785930
303 54 379207753
985 187 168218762
786 333 947048085
759 245 496922810
481 49 847926536
537 197 841105746
192 143 919509832
508 782 391285012
779 160 139359201
971 238 802597342
840 270 443281117
50 598 739564401
34 536 95539790
17 233 946557411
97 172 730674585
540 226 170485604
772 889 11496549
963 100 614323784
607 650 201481932
114 867 245256681
97 117 446650768
717 773 132812992
993 801 857301620
63 499 353902194
164 698 896105358
152 586 720695813
705 530 131886817
654 823 618136768
1000 39 796248215
630 194 448383834
892 711 466083997
271 290 439112407
649 323 422724110
667 693 143577362
37 133 483252126
191 914 543235557
960 955 176704160
417 77 113798384
198 405 575562873
108 190 80003204
976 396 883029984
27 869 339026923
370 642 88552884
928 169 509868351
403 279 525635083
272 244 392287162
134 549 512121118
763 415 568215556
496 157 111665609
176 677 495411360
964 404 849597846
479 208 271384606
230 251 32784356
262 791 564020983
218 708 994838168
658 590 17051214
756 208 862706699
29 283 518249601
368 771 65620354
677 263 400932128
327 532 733109901
518 33 739238948
636 964 439267063
107 178 21672045
19 296 752394810
421 336 96769631
462 286 120581502
682 146 144969832
806 837 631117540
190 129 879708889
109 23 946440328
557 14 754229119
480 240 644167559
661 8 637194713
958 416 167078205
917 268 303433895
985 1 207687512
763 868 53927486
461 550 790216616
750 140 493682382
150 972 764742248
367 547 947103264
767 680 811445472
290 384 302556293
325 374 624789432
312 873 377922158
515 820 492769644
476 244 2011124
845 165 199397157
268 597 224608702
428 231 968062053
143 821 69394683
657 932 617941631
961 806 440943756
488 754 590699179
530 719 184319625
693 194 57607376
533 828 265919426
688 184 879276305
668 717 72244590
65 665 944871078
155 185 456631042
388 87 247018082
113 756 573294348
694 346 956592429
167 539 677462341
760 519 636538646
999 917 431268193
137 549 849092932
508 449 418402781
1 894 499171424
218 176 927363660
607 694 913053719
901 300 934861370
490 468 257216569
685 594 748351309
535 768 79409598
451 599 873637892
787 512 609141352
383 277 231260001
661 108 72380842
900 251 629209034
677 391 646290113
725 377 53465167
178 660 467973448
601 103 28877691
293 787 176907173
131 798 805557788
631 400 443330864
867 47 238477827
26 912 635219944
839 244 580423338
739 672 4292631
906 99 452332542
495 523 596405862
784 958 125378223
60 553 68093528
817 177 372048632
851 491 11376761
900 431 259352981
545 442 333595984
936 609 367105772
771 226 709569759
189 692 94398213
830 45 611481951
458 719 44145266
832 451 334633354
651 687 939805783
912 491 441320385
750 252 354943518
295 610 816250809
602 852 362825658
918 383 926455826
398 547 197529659
276 836 141734673
263 247 986908826
157 67 195803849
250 391 898366246
111 654 939715213
402 315 536766987
502 832 162669040
478 108 350924302
310 929 495989896
384 4 182200648
192 783 193913757
783 597 224667412
301 863 274560833
735 815 24205797
838 168 416960030
871 178 161530244
14 888 123687329
243 285 667929569
355 977 98460445
235 415 733830415
653 14 272845
170 319 866292194
365 64 555208537
262 939 625415013
192 26 984709483
224 258 132174907
493 797 632644558
136 896 788927140
24 282 375578380
292 181 928349880
405 718 992044719
429 83 3577571
564 363 105414265
236 137 88423026
568 761 838060986
147 281 383875750
224 716 469634657
573 8 564748224
543 569 873343975
985 954 298745027
53 810 553317918
536 61 252080432
339 668 816899582
905 745 296773105
34 417 72371726
261 497 636088542
315 420 836388326
162 519 786494930
41 946 994576221
713 130 326282552
721 804 275042502
614 940 411475882
951 163 320423359
782 576 573385078
573 588 972788237
116 619 2131889
796 220 743238920
488 243 667318466
269 341 162998398
81 556 542136242
199 994 84202055
182 185 58172605
626 899 99589580
74 557 135568322
671 635 999854838
478 370 518562433
97 570 490457746
640 780 933966376
76 939 683182611
974 79 421627959
448 988 224960204
151 640 270309024
631 406 92055780
924 105 121560726
521 229 226355558
83 449 823226757
289 280 443939124
492 169 574980925
303 554 578445793
590 709 266864888
860 351 820509469
85 662 485603402
234 738 481575880
481 821 743780778
925 388 695419566
185 708 661831174
863 90 379152220
486 77 747714472
162 556 56501731
199 601 32248666
816 107 399465350
996 450 297993974
202 720 893737213
670 286 233567880
774 523 72203933
432 815 953812483
183 65 936432842
622 593 531890029
861 999 930644056
44 143 884039031
990 244 797202145
806 516 876323997
927 25 395515592
466 871 918114481
431 338 659846034
476 246 284929311
54 602 766668934
17 610 434244689
979 988 544851505
748 772 859421790
974 633 714253982
485 509 176765563
38 275 292060608
754 7 589423815
886 993 406348372
287 0 118796916
453 495 595906336
707 164 948444150
642 306 458732851
172 283 23494976
953 620 570554846
354 228 997583150
539 24 734787559
723 870 256197481
865 64 27333613
141 551 236484433
643 232 644162613
121 990 49772967
14 377 154191841
815 914 172779420
775 722 902833841
973 525 398360047
798 918 199917397
574 457 459721674
530 590 648958691
302 142 766525134
802 490 873966462
600 560 483746283
913 668 80364421
337 997 402774493
662 726 801721111
156 547 326904587
118 243 190829188
520 513 871375535
778 560 894189955
568 379 596736538
68 324 152301506
8 489 667963622
344 276 965315667
784 677 347486875
59 546 815117137
264 727 645252585
560 696 935144505
254 946 556081309
916 601 126117650
247 197 234778811
156 755 334682162
498 43 937602095
284 141 299507783
151 394 96056591
619 755 601918313
974 125 283725041
466 586 36416902
929 977 982402871
360 86 10841003
71 977 805528347
636 356 887443927
240 773 5460618
482 490 395815711
707 948 476014713
451 611 644262842
51 675 45310744
378 827 15207926
312 357 251438605
549 129 336389705
987 764 179952847
331 337 970316341
975 224 40067325
359 738 30119914
864 561 874602788
171 601 157497258
47 828 771405442
907 104 32171712
511 741 679502186
766 574 54558291
637 932 14657262
920 537 514355788
969 398 761379393
12 146 268172903
426 853 154958651
852 965 152940073
677 872 638053223
258 6 267114239
257 638 503467492
279 611 863478666
845 445 828264870
198 452 483704149
612 702 900455899
152 110 942714364
866 912 986054462
674 517 698087931
195 970 309503171
308 581 539989565
757 361 85092368
396 164 475579218
188 420 315744666
478 446 971664331
483 13 805788
778 349 455343271
165 28 812866055
730 424 315220110
514 835 636763351
696 495 829577603
982 80 440424397
976 735 685500586
823 48 591818199
41 932 566599100
694 946 307035857
131 152 85365585
403 431 586392064
438 518 67817822
485 266 174194073
900 975 666425223
765 238 478384928
979 997 746717298
180 395 692479730
121 424 659305662
932 92 27759636
370 982 719797806
98 476 323276169
343 695 464752997
528 540 419782065
218 768 219960829
545 432 212483276
849 263 172856923
173 587 394211243
796 313 135635057
7 234 419630826
249 858 608724795
773 119 608095993
73 776 741800385
387 337 191327530
0 254 235071252
47 890 179627984
77 695 652453971
555 104 470311696
847 414 369080662
395 205 529585136
181 619 629278788
360 90 151866724
562 621 518504736
886 421 64632021
273 817 583476335
88 417 921921867
282 360 637246912
33 399 98290998
117 765 348428159
704 824 602191830
826 413 369879764
301 74 723701261
206 24 250471982
559 396 896904563
693 26 96683997
76 567 167785823
349 697 518913534
912 391 319970017
426 286 623867996
544 970 705334683
373 473 130401417
202 859 624115849
568 708 963522519
435 537 817260235
372 78 162572376
165 385 656069803
88 817 420958278
693 321 70017767
773 539 567149333
662 435 2610094
356 276 16830411
72 986 118326210
899 529 185400111
316 787 742315575
474 509 596155093
499 440 140690910
752 590 381165635
974 339 297136905
358 538 631592364
224 649 284031250
617 811 338429480
805 759 114303308
135 337 938367436
75 572 886724819
430 919 117095562
266 983 330505660
475 425 60454380
323 299 39217645
813 836 105926711
120 570 969126507
522 3 437573622
485 500 741011673
951 790 948971013
490 804 140439686
58 93 762776010
707 318 265191125
372 492 740226682
657 87 321642567
968 985 148566160
955 376 77060824
346 446 294126240
105 891 328334015
990 984 997095045
931 881 922034012
830 716 564660740
352 189 686564341
99 975 248146122
301 276 391341107
407 876 844541319
123 453 711227939
165 662 880276429
977 435 661491586
954 305 704297037
196 703 664125514
737 521 893225962
714 976 820610331
912 806 949356683
282 934 116836158
914 224 671355383
576 426 264561747
160 280 197933007
228 676 701384476
249 807 247981059
454 592 667937976
473 375 723845949
622 533 337760988
110 94 322771159
616 772 505254221
854 477 447334957
343 658 8889212
270 187 385861018
880 899 275868123
147 626 96469329
797 999 724503178
89 993 583196070
831 57 485718089
591 279 782864543
807 160 463839701
841 825 307940943
181 824 565083805
888 899 464417354
239 600 845560153
634 351 233386661
965 540 388953415
514 872 492428841
256 605 352824195
519 500 471182008
532 417 788250219
431 156 718795600
323 947 308106332
242 42 210225403
527 605 500258140
838 389 773317806
12 823 182609697
416 239 331305476
128 744 94092906
468 836 349177743
193 875 581275
386 658 475824380
687 777 487427848
693 657 739694025
76 688 548983507
115 780 552466734
738 125 538568078
851 745 677370242
314 601 918796450
220 212 645847136
821 290 344971681
336 740 873228799
426 857 235799939
702 501 863044985
549 221 876488412
636 535 68467029
264 493 452781739
840 994 741372462
598 697 761611092
78 594 877888389
302 665 4026718
265 115 34241418
800 519 561213162
587 623 785637724
555 346 836653911
56 420 650998798
974 56 629680258
595 368 56772366
143 326 705798375
944 314 934086891
37 282 399533854
138 656 18561952
570 262 894851590
542 357 229720783
327 911 32187425
747 322 84434538
813 395 74454157
100 180 29913629
568 998 871841172
656 559 219516876
527 965 737708771
957 144 141460986
902 784 858627273
426 277 606608795
220 399 689303856
98 761 620810721
208 175 93226047
341 487 890751862
951 71 292327774
461 828 23141150
928 459 535947343
105 298 633650314
525 499 271752074
272 436 675168801
63 301 270423345
320 195 687441217
898 117 586177267
563 773 661759256
182 904 468282797
51 504 715761810
561 539 32843493
4 958 698092844
834 86 212004198
389 495 621964471
631 55 747051949
143 63 16214923
599 87 80370418
573 868 145515042
173 738 203563493
960 711 489055917
705 31 200386142
260 186 545288735
858 532 521132328
335 232 3632451
429 500 624414259
823 696 912289715
832 994 916480559
145 797 452062522
797 586 251149238
828 184 369377616
761 538 475744320
74 619 607402488
937 743 441988855
179 300 126944165
747 187 915484030
694 421 184349711
798 578 345199138
481 14 765230882
66 425 609142303
909 579 731315992
314 791 82831995
264 963 546033095
60 770 911047928
305 791 735843864
645 154 165532721
365 836 714120426
115 374 186974759
133 940 903386039
665 754 104469921
822 973 267700432
352 673 116135539
337 898 191313920
481 516 455634281
337 360 423669956
148 423 558460859
835 923 875781057
532 950 974486233
351 103 445292664
395 176 100649232
321 266 175306081
989 374 684380370
950 47 606463256
437 385 898974617
107 85 624374321
195 587 200924053
850 957 124064943
955 85 336890644
937 295 238584240
459 777 435135999
680 284 171959298
592 633 833156715
324 561 385706959
550 132 480950050
827 183 101170336
438 321 955698494
126 953 113494696
895 725 198143470
395 721 162371280
354 995 45407272
593 313 150734624
542 558 637816359
274 853 377841375
319 847 482944565
466 856 933091766
204 387 598899665
824 524 161016586
192 16 790797857
658 592 209204628
922 174 423217959
232 612 900056175
293 570 853203440
328 319 331066863
726 617 55577900
716 836 332802703
392 712 840373166
903 104 2861674
908 874 93996390
689 965 955158064
904 195 405071890
586 993 254445512
41 761 300894659
85 314 101936627
843 537 229161375
832 511 789355655
206 174 291175335
459 412 218990725
161 522 61888764
130 475 386846915
42 447 204151202
651 797 149204904
281 90 934731866
197 933 524572077
1000 118 446919362
852 584 143468038
207 606 992985347
44 838 92057602
593 936 79254470
872 943 826716005
48 711 383084990
607 689 940865646
279 545 122316824
758 541 138553926
227 222 23197689
657 482 994876587
700 219 207467138
99 327 629552111
898 257 832166200
249 940 188535452
246 660 157649775
405 205 563770371
712 394 850078460
707 135 863774635
148 372 541005208
758 59 954341213
388 431 443667804
620 487 331466623
122 872 201938687
635 776 474377153
602 619 590417641
998 753 735324995
61 203 124345153
934 792 98751894
857 799 563603700
708 334 98656279
879 222 802206538
958 560 811794816
465 71 444953834
853 14 269504498
937 855 230088543
971 86 1791641
900 252 65850596
395 61 230815388
143 406 560998046
439 103 336077812
833 586 419952442
103 309 18299921
19 762 792458628
294 980 260779530
16 106 243453987
652 971 445760076
139 273 44290369
291 753 229876821
766 908 936172267
775 221 80720414
65 714 480135356
933 217 390816408
643 986 969786338
686 138 742595046
654 229 792163240
316 421 27649868
369 481 64636556
386 773 195283483
664 547 714926527
606 685 864813858
761 168 307177008
105 571 680459116
987 18 383686813
751 590 181372413
782 353 604102255
727 701 875183328
661 542 693815142
483 101 620778504
430 568 78760259
32 842 489138892
708 448 414876987
445 375 380725143
467 669 544007272
511 408 356881604
395 456 936997478
341 82 912505945
347 241 929556618
578 959 706782764
536 613 465901350
72 675 120791934
257 216 69690010
317 832 167687697
283 122 90816093
22 995 78740259
667 361 891176373
74 803 620111133
785 816 150625566
135 660 841012880
25 158 720166964
81 799 863602259
345 273 215243998
161 395 143862746
978 693 235710778
564 669 859820718
393 218 987284273
721 636 503791405
797 875 466086705
93 486 903017435
295 966 574737604
810 543 806776159
691 476 531538734
184 32 250184454
581 223 18087880
49 793 611007743
189 904 637306554
395 549 701570439
160 869 286012181
836 555 117685341
426 228 64932633
945 979 398414557
581 246 47706382
472 301 647935843
200 143 637476587
255 841 539501925
474 697 407564190
224 412 138582920
916 580 684729514
119 564 63080290
909 523 555391946
161 154 482446002
292 137 197499769
535 881 583605219
474 855 191952460
348 192 228074326
100 146 615643970
461 216 478673769
693 64 270107246
773 159 838359979
953 445 383701979
946 565 666438756
328 28 117902824
663 531 961287704
189 545 342014009
512 282 927018145
409 688 527732639
265 512 168577049
225 577 766020054
604 340 556435392
979 404 271136602
123 731 67238440
170 237 556956799
759 552 620637383
173 819 911388142
529 222 945737791
809 460 86364654
39 184 12321336
50 997 914463897
770 712 528889320
11 192 713186462
874 361 760777726
323 641 509737127
733 809 224544977
430 587 222043075
332 686 940479999
447 853 233136628
47 134 418069161
807 786 687066165
761 793 589383767
837 73 241139573
339 105 173913676
333 688 540106273
14 48 871020454
950 682 689401065
57 768 522566619
893 272 46349826
560 790 9578517
507 383 514692724
348 691 945812047
25 20 576307742
46 747 280607239
917 645 975399088
341 885 418125686
109 104 214631368
250 968 603120938
3 228 816540718
269 344 219668677
587 226 285494925
821 269 936176598
755 267 216574283
12 601 497940279
492 10 269125660
930 828 75889556
588 668 56036664
366 247 64231192
662 817 32777528
726 722 553427027
365 227 388096407
38 942 66292464
488 882 270473967
274 380 190471223
366 404 285777049
819 501 980701750
525 932 78588603
457 734 381275954
512 781 123835257
731 978 487331242
525 1000 350061658
976 522 128644183
106 253 898018132
682 845 606644630
743 638 328082052
158 310 133932217
861 412 478000902
