3452
624 473 525288268
746 144 543505007
918 623 229559171
244 7 171651725
84 991 96073551
333 492 143749015
460 690 650701166
729 208 320569620
930 799 137152097
527 70 704981823
298 338 134152602
111 747 975233710
258 631 196357604
826 582 787986628
952 221 677600939
796 990 611398032
738 338 715264728
455 956 943915590
555 737 309503225
3 936 187671283
510 13 657023922
400 506 862275476
778 488 27542831
10 143 867881383
921 617 577802574
557 757 283525228
545 618 377090121
790 934 711855317
445 726 614889681
933 160 464195575
60 366 164291900
932 440 160731390
303 947 675591728
226 834 96393841
911 640 715494164
553 95 970039231
426 870 481709108
844 489 614422355
760 627 316297805
358 116 834836661
124 108 921490920
266 520 562250160
220 253 512255061
776 669 589958771
201 920 133031024
580 791 274262834
937 630 457228434
797 547 140725120
418 757 945061635
998 21 14258766
432 701 645769210
475 327 319864772
370 857 236201287
466 478 72243372
162 529 580893493
954 554 585624462
702 729 866376041
932 918 435825431
4 991 84317923
818 434 450796977
750 788 638934237
633 955 830793476
741 305 743468096
515 419 137377266
622 11 473033933
768 421 241057704
691 602 113135295
306 513 308863924
278 109 674736638
853 516 575544013
513 949 442895750
75 994 772867906
3 613 449140484
189 388 584292063
543 221 701409286
308 215 179765044
125 67 760140824
811 217 82381487
2 39 523438039
1 661 339814758
266 64 851964351
649 692 773043796
512 600 265060602
787 676 43608292
972 939 71837034
261 755 61983418
325 559 999827129
899 259 914186609
830 457 264971544
617 5 31228670
595 707 290285939
892 614 448503587
729 60 373294976
508 414 181012115
678 349 517152486
641 699 104410213
493 298 332547424
901 913 877694185
21 730 850573791
941 321 68964855
452 172 65693744
693 352 509183902
957 902 593841670
701 680 875669771
351 77 436664971
477 954 16289562
241 529 23386962
390 454 665408317
165 498 799470100
645 724 363310571
882 154 481198175
617 303 47530244
299 309 534909081
490 679 360613122
600 353 485143233
682 102 872272214
928 433 637285637
6 161 519240550
333 321 385474647
412 510 462896784
870 609 738895924
955 155 159863739
233 511 989486004
355 763 135661033
127 577 461974175
808 43 286140836
426 779 232825832
857 770 538155297
574 577 399097762
568 20 467919854
405 983 906777046
980 836 322614406
513 969 80808245
915 355 865132793
186 537 797253495
670 38 708566279
268 434 644374725
529 62 629360741
679 465 194169351
665 797 20959533
850 584 162174243
330 495 280984737
643 71 605197986
437 810 424717106
778 410 457003901
776 918 921562283
542 995 936027429
463 805 960496957
762 831 329333368
646 428 255324077
923 612 783883645
919 854 291483741
996 72 419703067
61 905 791892188
460 778 486980892
568 398 838846345
337 128 495346446
858 968 605323427
847 289 327924260
326 577 128423015
654 514 848495336
679 131 989610072
130 256 976563664
72 588 968286898
836 164 832555257
542 881 787312313
721 516 945275013
600 922 376061514
19 322 447002064
571 33 92068024
527 242 381206978
779 780 747285505
81 220 996406510
505 382 137134261
322 864 389321104
950 853 61971623
922 741 893506838
131 485 442062020
365 476 260157053
33 802 893996888
199 969 778264129
799 237 276536295
361 253 758006120
206 362 181969603
788 883 333847333
894 229 246402140
144 977 495645875
753 202 106843431
34 603 485340462
805 741 198138414
520 755 917926972
133 681 276855801
437 930 546323427
140 684 468105752
441 499 83390586
513 842 192131415
563 305 70619468
893 493 795808249
455 149 198170343
406 997 187419575
179 549 566711684
344 679 838233889
696 2 133340381
809 290 37769592
733 209 325656478
154 818 490299692
319 81 249835047
259 620 794716501
141 582 420024948
39 85 551712000
266 411 644577112
190 280 96518411
526 445 67772378
363 504 682016661
951 25 64544102
925 399 376953516
891 510 333826477
519 227 273534324
147 475 118312215
301 666 323548696
398 85 110309473
581 238 3835807
616 449 247410197
999 570 862981355
94 702 684600881
139 115 884553785
439 386 339660038
514 68 201237799
103 762 763901639
772 972 602646826
371 871 188686638
431 390 82072996
804 29 556227776
38 726 955130238
725 138 542897904
171 874 243125573
937 975 570718942
779 217 859943659
477 619 610015596
61 882 447423899
991 483 201389642
630 78 792719613
350 695 838321360
704 15 161308344
457 426 177262362
217 639 157721945
65 680 324517692
408 268 411198626
338 213 287785352
869 426 169838065
573 826 122995011
2 394 51660653
242 920 319762270
672 336 102864400
276 956 53480555
785 699 793313319
802 555 504842228
472 985 404241139
89 315 305416423
197 23 135282548
145 542 177982376
864 357 760919155
811 779 292789567
885 188 996593142
957 378 907106696
227 478 285764221
370 22 693043972
723 932 886996981
613 621 397414419
506 904 189826835
4 171 551427255
914 457 364760863
511 172 134930183
398 138 714796633
321 152 673521447
561 465 817015844
809 240 949762464
898 990 337279545
61 449 637780214
923 890 760248347
810 390 599297447
608 485 707693953
233 508 150312032
772 505 353711725
258 750 394666406
761 851 94378225
535 608 840787453
790 447 444073403
711 570 122766849
486 404 741467696
852 981 23168242
378 457 218660815
801 429 365870740
371 553 272406665
128 224 767588417
294 50 104806289
677 73 463844443
207 506 259620877
647 495 101166844
786 570 130927579
603 204 158162436
483 534 155754205
633 63 612244902
28 18 221865111
458 604 250360457
282 486 562613591
672 668 259084097
649 878 913106645
304 102 529712566
496 91 202389821
836 441 974095424
162 555 784569652
263 12 775489293
648 614 811540390
573 885 617947957
383 126 552063588
983 727 895816425
840 194 757432292
731 704 292800530
719 938 479543223
92 981 192441843
385 113 880858895
453 317 736982625
309 672 784057652
105 64 752051550
63 602 214622619
88 703 116010023
508 436 443466333
208 958 177445390
13 72 5431211
646 7 754086523
964 959 408161437
331 342 766738482
235 339 342479981
12 695 390904850
808 620 683940113
587 44 1696944
417 516 611912985
224 826 677011085
213 23 624565391
359 0 236719934
807 6 876918406
293 40 962813560
320 138 7500119
337 575 867272697
572 321 686504450
331 735 329179282
476 866 605092972
449 497 935142278
43 573 758346655
983 706 499330759
110 301 316763123
656 92 105054724
673 428 61828579
681 494 504816370
518 462 303342047
392 939 177503393
494 968 402932643
238 888 748463591
300 199 771503698
622 847 34312992
47 568 295576885
184 122 542407899
687 304 770066019
295 30 378689301
949 173 484032970
371 765 599422019
506 456 81357193
169 303 56548506
125 501 738235523
504 945 988096404
642 986 216352093
490 474 262504645
561 247 332473931
890 741 530753917
477 912 165472574
174 696 988888956
573 944 458319418
224 524 584476201
597 548 11072507
263 254 186094214
433 999 105652906
309 720 346937242
98 662 267748957
899 695 708313957
652 892 42637164
490 60 277244080
71 856 672965815
321 767 218811732
980 393 201421522
874 463 332018584
549 305 194688398
640 392 984327241
313 810 489155043
829 170 724098986
459 400 883783686
516 599 413556044
818 442 241509369
94 211 119901361
508 271 820852826
30 763 501035759
157 457 273383274
344 995 423591568
44 533 197895158
37 392 713506491
153 493 632426493
887 482 241536223
501 210 123778127
664 34 813558992
747 672 71187544
77 436 572667255
70 41 487630636
170 412 507508691
807 830 789367346
724 286 947991892
370 358 101606351
831 317 877851016
942 986 48004674
769 938 226661882
871 380 248581307
162 987 235315170
809 71 859131209
22 542 972507820
376 895 795697789
992 187 695236672
459 300 206867220
33 626 203347220
94 393 959613059
959 880 244877651
448 831 108309038
481 604 337143546
342 536 606017215
169 367 346517462
22 624 340764647
353 190 291490430
902 485 15695168
37 558 242101600
777 342 321049587
175 696 633826903
28 275 297212804
366 882 219769410
379 575 816721630
462 436 628183146
782 687 297941399
520 613 916134123
262 303 568624572
754 307 584211185
353 720 747191201
396 722 851757389
832 39 200961295
84 343 566609089
462 119 261559273
581 850 342678202
544 190 308213568
403 439 536199237
401 436 163872774
78 784 425718690
157 751 517355208
842 891 100245163
334 839 963944436
442 433 272359496
580 26 62865785
367 693 871350240
915 396 542446319
573 453 653782981
539 588 423956500
103 401 215997393
725 293 64800000
227 487 627349268
470 921 560552333
5 431 99610868
243 448 929101079
960 437 512641223
361 284 392620680
424 644 141314554
550 749 854872318
500 491 488810274
182 360 843421650
612 391 874049981
527 460 234761797
568 164 172029482
611 623 421177634
458 138 962378386
25 507 865654945
409 427 511047961
218 998 591459172
932 488 677483512
9 868 204608363
712 663 696702056
920 500 50922249
710 647 907888881
793 128 82062272
972 449 17051249
222 661 999172020
752 447 717342009
149 768 775832228
757 39 500058005
387 735 154933383
574 669 734468943
361 418 911493849
1000 166 663960054
222 797 149415522
11 239 431380343
707 836 280170063
766 412 692194240
757 709 430902301
769 785 918128536
171 138 270586205
28 537 634419651
850 8 762975193
439 531 254763505
325 202 968368040
945 477 952137287
474 237 157771282
210 833 900476702
392 121 577691867
315 941 836194706
892 277 111715189
238 34 375852139
635 842 230951289
445 226 9883076
249 60 839004125
768 738 120029693
677 846 383302712
277 636 445145935
28 251 740733760
351 961 736965233
916 319 165357402
790 151 585857025
51 443 469667468
104 636 78411211
324 676 697982194
1000 84 389563266
530 831 236546621
956 459 169692790
790 938 442221619
618 923 797293867
433 674 531001913
978 6 921060366
626 813 934384775
47 461 232667802
170 728 630814994
906 600 644009855
469 460 40487408
167 824 185499538
176 169 584521527
299 357 48008226
840 631 985162150
18 597 774513848
635 981 695026486
322 189 592073305
373 771 538831062
491 624 458694899
859 789 124510183
688 716 96434561
672 366 651740721
769 38 646771751
990 649 288841034
100 986 137775049
447 203 160570660
677 938 251301773
481 676 749476261
161 870 867399241
416 601 875809683
533 103 403304114
445 626 618470183
435 281 736260366
736 671 654882038
605 123 153699644
432 796 849882321
654 100 602001502
774 92 329312856
858 877 885602492
85 301 768967744
777 379 229974275
763 651 901750457
478 875 714307045
763 994 508950206
284 166 946046571
571 974 101795832
361 790 328496245
51 856 351401403
113 270 780639660
465 841 862692268
80 717 902881532
638 816 335443208
527 333 909254625
284 231 655758829
757 506 912276162
414 146 509553950
308 467 176206972
961 346 110760794
511 743 950380709
340 393 145354996
553 958 411672992
944 772 614181565
169 215 375639407
316 210 889626221
464 585 65378757
69 88 947314394
90 219 124157725
22 274 922275742
666 141 345043617
158 966 971268464
422 548 501740577
616 879 115896197
262 578 103817452
424 524 144958773
929 653 246227633
741 100 418469964
250 699 443471255
268 438 585175958
439 410 485539066
939 897 795276249
311 50 21887230
635 767 267696142
421 975 12158182
186 809 739650381
941 53 388457590
665 342 380663422
411 950 632970481
463 587 192819031
600 114 930735591
858 843 417884214
142 13 201663115
516 854 114891366
670 423 745353098
950 700 18281640
296 956 935520853
334 632 463281787
612 492 778738507
941 839 761851894
957 108 229556896
310 974 44607603
923 41 410689691
514 751 617279023
467 3 777840414
424 691 942980880
906 831 428883751
286 544 114606645
378 289 426447939
386 435 424458780
56 901 514557355
692 849 154195628
332 570 430518953
989 187 297731377
995 251 837418295
468 821 903609774
79 440 675997783
500 790 308577824
234 110 265037641
627 352 626698978
55 980 553365179
865 961 827992478
365 337 107343950
513 924 67703495
852 584 995604719
615 679 984957665
667 581 318843254
489 542 244592523
247 587 260278771
401 753 80458004
307 242 882418930
434 749 724073948
148 470 188180587
465 308 785810901
115 937 701850562
738 276 489825425
507 287 659168454
998 218 248450636
425 299 15629290
522 834 211062389
952 334 888212195
218 650 252340699
564 100 948057739
143 180 136337981
771 783 194011597
326 841 749849633
558 387 414936427
170 388 882218697
337 766 452848744
161 603 943191133
583 685 553161405
956 622 397143729
39 188 207614163
661 1000 152913316
969 480 846615474
194 404 762811205
79 758 605165802
546 845 684268128
440 270 115426994
851 83 948505770
272 408 2091265
952 529 305827696
92 535 71700680
288 283 444354600
589 889 933944565
994 224 698430909
58 524 159117376
240 337 74755109
645 290 262844082
174 544 925045532
615 107 92393180
840 357 642342040
379 281 926605120
825 138 948877566
252 597 867941366
431 453 156373981
678 722 675319801
746 86 861468098
989 601 227675890
775 815 383112298
23 276 847958665
126 314 750895450
61 100 94853876
946 480 58745215
938 679 877203931
659 563 551023481
861 120 425203601
913 39 94774676
274 148 773871589
558 541 539400962
910 785 806591170
860 920 806709083
514 433 928540172
358 275 344836761
993 964 216298263
937 496 571132255
591 206 477691756
79 874 287311260
616 668 8638701
388 468 660048040
93 452 589347382
522 270 525906014
333 911 524087952
893 445 646530397
903 889 754614451
150 572 46555081
405 16 920164723
227 621 215541588
225 758 133194013
536 732 225275181
341 94 773231937
962 422 173434265
377 108 724701409
295 23 303345449
910 894 428423279
136 539 4757456
230 469 802109276
137 61 822407705
358 478 770503841
311 351 556241773
640 426 242507501
72 640 263276114
691 200 110676418
683 784 28879187
498 845 586261410
11 367 679931638
709 768 569136636
380 501 412413730
200 879 213630688
429 753 285141354
383 585 897504713
38 947 665794622
123 660 508874382
969 427 43416137
502 595 191106465
114 747 88266686
928 46 210718459
554 913 259317208
736 564 541615193
16 126 493588558
205 221 16981514
666 680 981186748
226 227 486536882
569 658 13910999
648 145 877167241
528 656 754052144
916 295 632844006
445 320 880926383
47 310 298200528
109 899 433618245
794 627 890020411
404 4 505435004
690 952 750501674
311 687 805722766
88 846 808757330
162 579 965468418
811 457 351679824
485 844 484667946
596 515 313043604
365 429 773666268
475 461 475197469
522 595 167662717
253 230 754446043
707 79 709848713
470 632 82403485
271 765 562776792
649 673 637553130
344 835 315665572
730 957 398648573
256 33 273369610
151 197 391945134
627 154 843400251
318 458 476734356
243 265 394271281
15 403 503578827
982 571 664128796
357 736 393468425
76 650 444807455
719 10 656388688
366 619 594669853
854 228 315927558
747 729 825188980
355 395 633104632
654 31 592995423
111 339 140516902
919 488 919774351
424 938 124921200
86 21 296328244
99 776 154477373
934 154 391168266
560 118 756681762
224 675 639910428
700 433 16533795
197 201 304723496
111 145 375705676
479 818 390329482
879 953 347696186
547 442 775441424
104 107 752918818
914 609 775402286
924 590 928418174
532 698 256723308
475 199 448793047
86 354 543640812
89 966 689399618
750 659 249095737
910 360 473032059
173 564 573488024
12 327 835637400
131 393 475127630
693 271 558112278
702 412 557135643
376 173 895619471
653 154 727618283
300 79 881125993
51 128 87970078
907 586 754494613
73 821 998150068
256 344 441084119
858 90 748915735
889 311 268898958
567 845 648392950
910 740 491401180
865 43 153697969
11 144 134840683
178 346 517950893
376 459 704951700
904 848 51418700
132 819 805101724
988 163 597358552
772 805 263344969
351 200 319483746
125 326 647114053
804 777 449731093
613 335 227275375
871 492 878753426
855 489 832070102
456 886 157827788
972 633 628577063
936 310 517624502
901 179 693036040
762 82 345249221
363 221 643693557
146 869 835303210
783 979 976624808
380 387 278250884
25 832 481524553
42 954 470204505
719 812 103773869
558 989 873245804
369 42 968793213
194 386 343206582
904 427 935788785
212 869 14290848
523 612 299268030
631 553 786625774
478 306 171696026
691 515 711467033
270 691 219698976
843 111 358501815
592 775 171565808
782 398 165900491
967 182 948993211
521 321 998177721
247 972 456574803
30 393 295094244
663 525 894702114
201 902 137567469
926 207 758402428
60 498 51922905
598 257 894328129
336 321 735981987
61 969 893922813
176 726 990479540
501 44 434372604
89 918 83686029
306 809 248107597
434 64 144556766
81 303 184190397
552 973 87918463
386 995 538123478
458 259 371540976
968 445 64587970
161 497 343022327
390 136 597467613
582 250 507635079
79 735 167485736
835 297 788917911
217 229 566739907
464 572 683198814
433 193 348933354
455 22 298311520
576 961 277108107
126 620 111257992
346 617 440774750
245 852 739956095
726 424 909466253
184 487 627400581
940 987 6090239
719 386 38324334
70 817 795155610
719 754 821647716
523 799 422832155
183 943 159319791
45 919 412167207
307 763 182429903
719 553 130584801
353 447 298452612
937 885 362448106
864 804 748480804
844 327 871896962
727 340 816856831
228 516 155657237
914 208 540777977
80 594 286623211
695 586 426850290
239 920 831432749
776 387 532510660
733 60 279758428
850 543 844844793
389 283 491063569
762 693 366629302
753 779 739108680
687 449 119859869
706 497 323973851
40 988 217501730
276 345 427351682
748 355 136501276
832 169 50125824
98 303 893361577
31 228 752057427
579 715 235204031
937 165 851170734
492 58 233284643
474 893 898008747
975 552 915975201
232 425 249226034
333 244 934818008
316 656 139668619
579 349 458516365
262 181 926235505
234 143 260879418
12 713 487997761
831 75 588311187
801 713 516513033
782 991 1690082
336 537 612835364
912 456 974507264
866 91 197551532
372 960 913805941
154 3 151711479
808 27 666665709
593 634 986970957
653 324 434266151
636 481 589173181
355 9 241757046
473 70 338094328
160 882 43131549
963 803 119365269
977 708 863826732
660 464 723921519
985 287 189953280
320 361 529211747
348 751 852346076
262 657 117678733
535 500 501216697
557 540 924705611
251 963 753372556
988 367 676034761
541 436 544057258
117 317 270971244
257 291 900579487
803 836 167069286
274 328 774317846
106 143 79639776
58 211 695528532
655 321 400003088
676 395 21051233
10 908 605213439
611 963 348014232
946 882 289685514
555 277 168717310
865 203 76605940
546 802 877186326
983 161 31943381
499 528 537921687
623 739 129277549
775 834 337448156
629 263 598671761
99 489 622261699
297 526 369784271
433 61 998284053
323 815 725152075
176 52 997326891
203 12 142537014
309 837 760034870
49 341 357963546
964 500 290980776
645 258 103034963
988 867 725001231
756 1000 248298036
728 297 172009474
536 233 322389321
345 164 332078176
865 480 845317815
119 211 91756420
974 195 485012690
338 484 793500420
379 232 548243142
74 1000 173177915
659 950 768918450
357 180 537807913
658 415 772509366
164 627 208169179
481 279 492642889
86 249 15851563
377 132 847036286
286 262 776663868
7 656 994372431
1 371 974139201
364 252 251320271
853 56 191055038
670 50 324510388
283 801 942776550
321 288 769272950
18 121 866594188
488 979 601520775
60 8 441058857
145 886 56209419
555 11 631703451
918 695 697059439
115 36 761798797
965 548 105868998
346 243 276105097
841 865 278597894
628 642 708186587
670 968 900518277
144 335 583153885
624 167 932384857
863 954 786930832
783 911 902365667
500 634 414035140
883 657 709733372
616 483 52566273
411 349 629968858
0 745 808016564
842 984 321109560
127 274 358938575
277 771 142561458
980 902 845590227
370 886 709606848
503 376 484131545
379 730 193428890
800 449 275722465
934 502 67409354
172 199 930435578
533 511 62477299
994 621 736727761
805 328 178819520
916 509 521851443
930 2 380034222
533 916 721791150
50 515 934296286
761 85 104773117
336 479 343342330
838 937 326668132
948 574 828301723
467 231 852926243
341 515 442002969
8 139 281632859
972 320 162873785
707 895 154262846
611 310 923916760
118 32 393407972
693 28 104735255
232 735 143857175
501 722 108637372
824 195 470080164
642 901 343234483
174 849 319725703
169 536 231973958
170 580 801826200
956 562 863216127
101 576 274983884
712 168 959532942
323 250 690400490
118 273 808496273
188 652 791252287
248 165 609689725
933 666 109721553
129 85 320395654
710 299 40521855
356 122 245674406
635 664 442466996
406 425 682508866
929 693 901782981
639 401 394574046
175 820 476311999
564 378 956841728
701 76 860186751
128 103 99476040
958 917 141537666
351 639 817411910
756 765 561242155
284 578 925146392
287 652 810474133
11 187 562246206
715 462 751859374
935 476 358803106
688 181 19583576
456 431 100174396
971 818 724327675
905 587 168531518
657 804 819604146
647 55 955060297
61 642 169125540
251 826 641701279
271 743 240863643
680 747 955154870
97 937 301085902
917 394 876849311
70 218 805806330
388 97 180209612
17 459 431734025
114 835 922590538
922 793 178542941
738 630 315840725
319 742 523148740
121 854 7074182
782 550 881870161
930 706 546553253
9 961 590804810
220 466 481935824
973 707 528146661
182 865 131328801
198 780 924416619
297 248 143624588
413 938 615696422
282 770 333664159
806 87 915545896
564 750 287807692
433 715 742338517
200 991 519923661
70 525 817577224
256 150 46574419
701 922 526493015
880 449 65066410
391 351 914441812
801 69 586921566
721 320 505752873
328 265 139912636
879 129 284896587
860 604 940729544
686 339 736012155
913 775 788323437
9 172 752720804
731 665 237904882
910 325 339201099
971 201 625262757
10 237 732941232
768 978 782139924
636 798 710933764
756 181 940684790
536 636 434180084
921 658 58862150
632 988 304144067
837 228 88087923
84 709 912312486
77 14 695581698
552 945 317404407
213 58 294260793
525 765 815882824
55 306 954072489
812 816 94704756
419 7 938048955
354 427 636828751
957 234 356654015
745 191 490917829
499 393 368017166
673 422 406924043
240 936 683851134
431 39 80641965
296 953 495698050
770 276 331611915
944 583 510784475
45 593 221594083
57 896 20111745
838 391 959252934
60 548 53528
638 910 523157099
995 197 779966505
115 780 689121187
469 266 168607315
1000 204 190958075
920 506 689891451
699 945 922417180
172 61 546874553
80 540 757775530
402 633 451296288
265 678 987911371
178 205 622883404
225 101 292367983
46 277 61851388
123 212 710327911
783 436 714447728
132 606 617211880
596 427 747274953
118 90 529576313
780 495 939970421
268 861 967535232
964 788 999622219
287 854 801454884
965 613 754951909
339 755 582138749
214 92 213044187
252 385 105279168
844 82 587045412
525 796 292088578
308 38 512504690
498 703 797296274
546 280 430829210
869 225 552380675
858 525 665697934
153 857 801236788
829 895 729269561
323 481 236196343
144 704 426800610
359 915 400600046
495 424 851552329
784 899 285712335
231 825 152652310
670 532 905848350
805 766 187271278
346 614 78025552
986 905 749334780
58 957 57421921
702 102 584894785
67 740 422740993
40 563 95904808
685 331 265483353
827 376 820105751
429 397 773907091
815 247 826180013
308 554 671128085
797 763 802448956
37 781 789537074
513 20 804907680
438 942 950690664
956 934 231447194
29 820 439635966
982 229 369388397
272 144 884781095
820 387 729167773
974 377 570646890
422 482 412471221
801 778 45110578
693 559 191227857
306 304 323482370
787 410 589417291
46 893 65475779
597 883 959935004
619 490 237880941
285 629 967677434
617 848 609226252
837 799 459100974
175 282 579239326
846 285 400196031
939 248 19064745
452 795 372187966
488 229 656114386
491 186 630135893
176 225 464378256
968 440 228999197
528 499 595319473
878 941 121690698
304 263 241008829
398 400 727476146
186 265 208691033
875 318 415020125
907 332 114987070
206 636 562615439
294 858 854667245
592 80 8379133
875 128 335963584
435 795 970194159
802 279 760177344
483 388 89539515
57 443 968389343
869 765 214069986
453 30 813147320
314 417 232254777
273 820 49448818
555 77 881390348
631 89 61230294
794 310 904542233
725 668 177027374
177 976 433786845
533 967 63397633
204 512 569882712
189 845 488932627
415 788 224591365
340 202 18337679
389 973 11247357
163 38 571477536
783 257 637096512
129 40 376861215
975 346 899436859
638 181 178931168
181 132 7119670
532 966 372425555
444 918 921371510
87 518 807811793
600 955 125705375
948 39 847680748
687 73 882127440
403 457 110193392
756 823 799986322
161 324 1203103
457 452 167706805
908 969 210633143
241 473 829448048
428 613 176474610
362 324 500439891
73 182 171559361
526 572 877833804
920 595 304928860
415 50 169311412
562 766 15866121
782 512 380582582
492 975 109883629
143 149 515019298
467 50 680550637
660 320 226805341
420 447 472261756
266 339 745787643
80 916 227609589
411 955 38786430
485 217 196270339
135 298 974646669
726 288 743764604
562 915 754277188
390 890 739150032
447 296 891724080
776 299 137815838
897 75 112896141
426 440 424939978
250 975 554664218
989 856 316140535
352 188 27319534
467 236 268062688
921 560 738476995
692 967 408411154
561 600 823078041
709 154 229941124
497 965 788143984
4 799 659084332
994 565 664920927
690 955 930999155
706 809 38593141
48 95 698054773
178 388 238665441
83 541 215262688
637 827 392067985
43 488 367140717
962 959 121156476
46 896 911788276
954 736 80277113
293 18 1068962
963 261 954884352
645 930 154291198
786 151 248614686
740 941 864110041
548 817 173351211
964 829 798124555
618 497 104926815
398 315 581252398
605 274 444714533
577 864 314822288
545 556 130547006
301 19 953430809
250 353 867394428
704 100 653496883
982 548 343658094
957 319 216405848
825 212 777929895
375 509 495951988
590 209 153499552
340 138 943178287
112 14 693509665
596 266 29199525
473 229 517204102
995 348 548932068
730 566 990765063
87 918 625829328
887 97 844874530
457 310 882441669
320 108 540534674
165 71 773200841
673 356 289931761
944 565 957098623
845 566 135534594
527 898 749531463
495 931 171591651
631 259 188198117
549 472 792940735
562 422 728526670
454 25 685256702
321 849 869777837
880 991 843095626
995 633 519683367
503 702 57523963
24 513 240043603
672 89 578165278
422 815 974101209
276 534 172049969
613 63 485785225
488 75 424214066
493 400 901096723
319 92 699655466
63 592 357065057
572 90 508264290
721 937 760608335
108 66 50832337
732 975 303370445
502 817 244790843
342 445 840946039
503 964 985431684
281 791 526796658
924 1 906905183
691 787 168049973
632 759 76241476
534 795 70596617
379 531 148113815
26 180 123763244
773 499 564430996
383 301 949205622
335 888 694362509
249 1 163908128
222 256 653899698
528 669 911765128
223 604 125374097
74 60 388152885
238 652 747914125
667 403 475167307
172 197 504046158
341 784 285085162
8 95 20183293
931 367 460495663
178 745 138275077
171 539 159802233
418 774 414986510
204 408 729193585
340 347 141164878
9 599 832344413
715 812 112965400
196 6 577791473
346 185 246489053
137 760 801221769
739 545 592928809
379 480 810948217
810 4 930230493
833 843 345493034
418 935 84420597
861 700 772186334
713 272 881083862
171 427 834956422
133 342 418545384
414 401 634859621
237 201 320422660
942 522 521484680
400 171 137992824
944 485 74706252
339 976 941288542
707 415 99305936
143 70 559094970
569 798 917527722
717 795 391875926
728 617 183321425
917 908 305501877
96 611 86969234
614 82 716826222
15 518 901343007
705 77 222659552
369 503 971044404
546 726 536368844
435 906 332965075
414 27 368325141
15 908 97829292
931 325 178746131
68 184 938298397
39 387 718479685
980 792 474521416
545 892 3118935
128 440 684015
999 632 909512158
792 234 597358743
35 600 295896603
376 60 249129451
401 391 854810022
252 704 677382890
521 743 100554903
602 440 282656251
386 440 258279720
841 449 581988720
860 456 458585155
416 838 575445744
591 173 188347810
738 601 28378119
827 293 237239750
657 169 502609794
952 559 149473319
112 533 109073719
458 749 299526558
88 78 713618696
362 349 302141280
347 407 477611873
544 319 964248177
725 949 945054378
392 889 405595468
455 292 175389840
613 273 39177705
138 820 455350218
687 748 460246623
686 508 961699779
263 415 869201004
892 217 739991979
923 387 260295864
659 778 36767940
367 496 244821470
48 74 265689048
433 677 266914654
535 94 870486094
131 353 684425388
748 393 412903499
414 284 205512892
310 545 805132387
742 688 652782487
191 467 901660588
7 475 525386227
16 816 179615623
430 299 290297079
21 281 119650008
962 275 783130335
376 681 527943615
722 966 973584625
794 354 508861607
379 610 891377854
830 715 475449881
153 782 873342701
952 302 996463983
622 234 76310032
334 920 145050744
935 529 457611556
369 192 670293910
880 648 291600348
462 324 591909275
818 101 288595949
854 700 628508257
134 872 25447771
286 688 945103773
893 496 541867538
841 995 778077175
476 619 620165319
812 210 686610983
483 970 494785045
361 236 706403899
750 217 718618669
419 43 313494740
147 851 760160461
407 19 121036810
88 919 618164789
428 27 944262283
305 740 106088971
599 395 489798834
775 563 336630682
527 84 284917838
467 181 938009120
268 247 274903461
461 960 147025146
164 816 151964407
995 808 927042335
574 971 783767541
292 679 666022461
108 602 197287334
720 279 683354304
209 685 190807349
50 526 869783130
327 702 645829537
130 985 560544848
687 397 603010431
656 343 590673321
869 103 322146953
382 580 894930850
855 699 794634620
680 198 953149767
64 841 821214391
519 715 320173680
290 571 306430176
613 210 44424052
162 606 652281392
776 939 23550694
833 738 830424965
713 633 63954205
413 136 257649772
172 182 619084084
788 486 781191729
178 467 178236161
837 559 101796252
858 351 931057982
225 821 640202611
605 765 425296293
130 727 524368339
278 179 566173532
235 912 718282678
422 315 9033581
85 562 404901981
39 576 126947360
278 679 627441421
568 655 367159959
292 898 565083961
956 121 822371530
565 476 234264454
119 937 631068951
313 777 584939914
57 266 642490245
165 41 706817395
731 916 207792462
458 437 287614553
886 297 104673466
147 303 283355533
744 101 267839763
871 723 883001632
653 682 29129989
875 85 774965451
100 374 156234570
689 254 44952944
352 976 7695791
262 104 382633934
945 419 575398219
61 785 818631702
749 472 298373320
543 577 594403119
546 438 789720954
164 713 703628160
802 658 976647828
546 231 282479465
659 711 628131586
175 567 603044273
460 97 849298590
868 560 58625101
430 676 345495526
424 244 480990935
63 579 533635808
477 641 353203608
51 867 744828158
455 989 551664956
617 24 220514368
772 803 148257519
56 826 509888058
911 154 666209107
959 668 741059503
554 317 84759048
817 198 207060546
229 914 935049970
56 162 44446301
658 717 656347785
759 753 338956583
704 953 14017052
7 396 385577723
233 382 827130435
612 353 168546900
106 649 150345665
193 645 736519321
533 784 908128865
54 165 699359181
481 143 861998525
901 904 124046303
795 137 262461449
553 177 245716508
834 774 271717000
768 158 192868878
199 173 588638545
419 626 38851017
228 337 9740350
13 457 493358793
970 615 902141114
454 206 147478242
200 189 5538832
799 726 950646563
148 630 330716723
809 326 330375171
807 638 840056769
743 916 348825112
256 53 385477962
573 181 224900652
817 945 43987923
398 537 19623532
488 130 975664032
391 950 495545421
843 974 890277296
684 269 671393215
962 231 284827412
69 74 208107245
208 735 146470748
859 258 820257965
381 860 960446280
490 130 231131288
230 885 220409875
268 635 3568106
895 674 345765655
152 348 145279376
32 916 189749569
415 231 197353186
163 341 78235940
263 73 829284145
48 290 649542213
118 274 909308814
791 197 958721015
770 166 327202335
534 177 863130723
179 123 329001613
611 375 851693757
860 701 784590964
642 841 833888838
23 978 503869871
419 833 465840623
378 456 533276542
364 590 587523506
999 187 127446210
349 647 108836979
779 340 294681249
105 895 765700327
123 919 302603513
400 992 662119956
93 482 448151578
398 307 503454323
317 415 398249291
291 730 582444985
301 175 252237962
337 187 970416359
329 526 987705568
358 947 155386686
984 25 937290807
426 632 353154824
952 284 992550611
303 768 40451485
706 886 163650893
512 632 984135233
664 733 292125110
481 257 949430330
725 222 714178308
60 678 849024682
116 440 229174965
631 165 396468007
436 228 669892241
792 514 151012169
232 565 212626941
428 70 701477538
844 915 438522510
166 839 801389138
73 737 68375087
5 715 311537780
673 685 422679163
200 980 11654988
686 110 831927866
741 628 920172375
329 478 82979744
955 947 631722260
477 272 163508619
931 407 962371338
236 392 889151292
571 977 520337637
543 346 712988060
324 550 204409673
785 202 432315043
543 52 136274907
478 151 437416509
330 431 786283862
509 42 168542670
781 391 981280863
717 648 418050813
184 858 752791332
174 20 88724311
193 345 848237622
458 757 322627950
769 362 518287894
463 73 310683686
437 690 264836975
351 165 266478018
633 455 957046359
209 843 105906198
425 746 443463159
32 655 665507387
49 622 162865595
557 477 299283589
315 550 87844101
391 735 272162111
594 626 163794616
365 467 32655855
653 980 545783573
858 637 370336904
62 28 43731745
77 964 553985418
104 810 411574592
147 886 849809298
256 627 39118819
690 667 287286212
903 123 781363370
434 658 248739091
343 657 16922101
923 809 856335771
80 562 638138282
131 553 279481247
635 692 397504186
929 23 805594613
782 959 739114229
551 509 405023887
915 220 935984591
942 470 466443901
426 462 594585807
415 248 34842016
789 231 155381483
365 108 625200362
45 347 814762743
306 513 426290829
704 38 78753864
399 256 842154155
419 669 242316285
974 509 293825744
148 947 801358411
628 433 568866282
291 56 330499681
981 787 925857980
618 644 328348706
233 442 315342607
22 394 209780064
594 271 1338820
429 575 402288886
693 30 488348811
378 660 48113182
975 634 360215355
384 426 414082627
564 133 456457248
395 225 850435258
28 934 924346840
274 145 109999560
661 525 843476209
529 375 623782677
951 879 319113066
19 400 972508756
102 89 424998903
699 541 1306478
272 604 74260492
690 569 649899364
753 859 473791163
124 869 434413574
629 175 440108667
118 184 969823136
504 180 66568770
851 985 938878316
386 158 827944572
103 248 399224592
659 385 150016818
880 63 536671357
260 526 919256633
872 62 310343189
465 996 787346787
333 62 974545907
206 394 290318849
607 821 669521333
153 827 611807996
621 684 683774045
568 451 604161390
61 764 390152787
477 362 943129006
331 427 525873400
700 615 156969125
970 353 626644984
43 420 649585530
560 312 953058870
635 650 163689935
984 108 967766231
107 844 847799435
361 914 335318361
638 362 297690536
549 639 350221371
604 472 997784126
395 282 593472737
338 802 285915033
125 951 828597825
373 353 524604095
948 648 465574953
536 887 582339846
89 39 381053862
799 50 489040742
434 66 16820024
703 685 95617766
507 420 984772089
824 513 571486533
811 337 843323543
105 172 364281919
614 829 355804907
670 920 190569017
377 475 812507615
789 768 627679285
52 250 112943114
470 820 481589423
323 535 339693850
443 221 82753140
499 653 706244652
661 588 295688401
722 461 150880112
4 352 42132987
651 492 861489794
225 605 511950009
732 395 222946071
490 91 481541043
811 873 111837846
402 224 344514503
621 446 316717945
854 277 434625207
787 293 764613490
363 153 751474959
112 343 76495994
862 727 839424001
170 653 58896847
967 155 590371205
852 172 291441115
236 866 960146086
502 91 992666464
573 688 937381016
571 554 867147276
772 810 841735824
854 913 55989202
144 3 276528521
574 716 635388028
416 451 287418441
24 721 638913772
245 98 916362259
163 302 264199530
61 336 207849331
886 531 234016182
806 82 377676894
464 894 250635790
752 590 719070480
121 286 711881741
339 756 627588603
497 429 935567509
932 973 498149103
368 871 837098640
871 775 103539119
681 696 566597536
737 898 29965873
174 429 634203383
15 289 725295070
59 617 848109853
305 690 148024950
649 887 702057304
165 159 661187711
214 14 181310810
110 547 727857507
232 333 863799994
503 95 468843087
77 928 340405803
841 978 230723442
886 976 234370271
310 578 560408698
722 526 872110416
259 293 326695131
684 131 154973042
103 66 562382115
446 767 910766824
655 374 22805728
104 997 314778449
237 160 571448736
80 244 727208173
754 143 238171874
919 272 950668137
92 890 210251160
537 69 433231156
616 212 420819968
535 761 917176493
623 130 490864890
165 680 501338506
392 920 180108666
934 395 134370989
409 836 95496034
292 181 75249986
910 521 923149562
649 511 997019648
464 955 659131599
972 669 980154848
595 301 212136769
696 116 127989531
23 590 147851448
153 650 194518717
779 301 414824710
418 3 861833081
119 521 122397846
249 787 889866487
487 840 430006196
99 938 530078087
540 506 3410291
241 919 440132533
102 796 729976891
679 666 345642754
343 209 531006353
917 375 999819650
290 585 364026776
863 456 790964374
831 329 648438182
974 559 21414812
994 169 175414712
304 22 669177126
721 825 940743492
171 730 359923137
940 294 157268002
247 502 856545950
251 681 448774969
583 458 140631137
140 731 939963863
844 341 717156667
740 827 626515074
124 75 837077974
365 603 531141732
421 766 470115986
40 731 915010889
307 625 18956685
866 319 284434860
973 336 594160194
764 444 322025097
337 858 476087644
176 909 189690100
511 731 350535154
987 508 995548539
148 962 141240612
260 786 829365609
24 186 23086010
99 192 237762359
310 998 424454830
879 341 40352291
277 598 145351021
987 487 482799320
630 550 582316593
626 57 894531000
813 17 974008693
570 189 785270795
272 774 877221217
270 686 183694875
835 750 235619263
865 213 254585551
99 25 957461162
24 565 7615289
740 453 207497155
325 438 833167939
157 641 182119440
120 748 626965019
615 17 705458881
249 468 23362786
236 638 960200993
602 725 209418771
189 863 307940327
298 294 805478054
943 30 374029321
520 321 270559020
289 553 89567856
69 605 612669776
294 410 922979115
516 358 917818044
688 163 501250603
322 60 474120633
106 839 922689199
299 909 831131893
11 473 433310498
25 455 782532045
934 214 33393817
46 424 738858015
433 686 530379771
396 716 374279303
708 873 79555298
188 906 221347843
111 400 611803486
974 283 893584690
593 434 826134195
661 602 290319412
379 340 467624619
586 237 458180110
495 514 188715262
136 111 729931288
644 286 770761064
868 822 785568667
862 268 184384629
380 830 468847449
207 913 14603551
403 797 27810264
461 706 452428992
226 559 23251300
256 119 131032602
908 451 133116985
291 438 703528447
428 481 51799098
9 809 366545836
505 146 614968372
7 832 22922539
815 543 799865651
596 731 419535884
73 871 426147292
722 362 628578438
555 261 551625978
186 251 713080976
971 675 643513728
86 19 449842508
414 731 177443852
811 266 460482105
425 453 245694688
70 998 117416476
634 255 466859252
786 424 14887068
459 533 636592313
314 850 487944494
811 786 537939063
361 920 668349041
198 288 660806162
735 407 97296072
94 783 494284195
476 608 216342141
477 399 486317204
642 502 598945174
621 239 252379087
588 125 310918765
408 613 633332683
170 889 542087315
530 582 626819322
976 429 31173629
583 159 401970030
36 607 187583799
192 391 525375474
705 148 74079412
418 11 681310980
115 858 102285771
937 898 654005947
633 42 987950252
801 940 312941226
370 178 618476373
555 668 648759179
220 292 939250099
238 355 814899651
88 431 637661752
357 494 647893397
900 320 88183445
277 39 4950741
949 83 687197751
668 216 957813776
959 681 399335713
280 826 395508891
942 852 53285074
681 684 158542946
724 302 357672011
232 887 528369927
177 135 831722717
595 133 998240519
454 655 424375368
233 376 970017815
355 797 228147275
400 207 550135753
738 927 684221755
700 97 619889322
990 22 495659247
107 787 580443740
727 939 30137990
555 548 617115049
352 138 80602052
853 672 920079200
493 709 531748480
996 73 828622460
484 701 138038283
394 25 877097758
652 463 846988809
153 713 942393351
713 241 423155478
749 300 680140031
170 343 294341804
406 873 568320878
585 315 229705198
424 103 571051796
267 277 304034235
561 770 544214115
350 796 748775926
436 296 748047203
501 118 688361127
313 871 435925019
199 319 454069097
764 526 55067440
537 762 496897897
592 977 900936446
931 918 963137719
504 408 379457448
999 453 359181267
655 474 750367296
753 795 974345313
427 211 177992003
460 457 500593003
265 5 187294420
736 625 386604554
108 215 425115370
101 419 203486277
394 529 708831471
551 470 512342045
581 385 760172990
874 584 213623736
811 922 503754393
880 303 980729914
696 63 20476867
229 970 627087011
433 546 768192798
139 136 485159235
436 148 192027488
982 215 410972505
966 587 693469892
740 768 866146678
580 78 740136609
571 880 883862563
618 499 265107860
400 751 97218881
260 657 582114994
767 33 658783386
721 947 727294560
137 541 860871682
588 28 568829060
669 106 286462388
471 233 660158756
273 167 672212653
872 430 468198480
229 861 803660503
186 755 938167008
709 12 538101043
687 838 986080018
333 842 18151113
912 800 980469184
145 104 659989946
40 554 286422737
24 488 741344233
829 78 20247532
56 717 386103437
376 18 557213739
256 304 243619745
648 925 696943667
906 85 784408065
323 695 155024678
975 275 753580682
849 886 162317413
541 555 784817655
173 944 161971117
783 289 120292585
123 989 564031263
276 929 57416836
282 910 859407057
644 681 993817668
738 346 476444521
727 741 489002171
79 2 94478868
968 743 528821584
117 142 264624593
568 684 107981723
529 13 434386909
193 888 727103450
40 480 595159561
654 426 938713491
565 231 845058476
374 600 270097963
879 621 131941773
370 75 280815604
128 660 831817547
504 390 615940046
4 308 991771112
69 368 324498800
871 238 288832561
669 211 522550529
612 822 637839287
963 594 2044696
167 880 170167425
910 278 668074834
66 566 175499729
846 918 162924066
147 952 595647705
347 581 255267096
759 160 88670178
336 113 99054274
513 135 451771576
419 942 227915500
954 95 94424137
543 537 927601360
131 948 509980119
276 733 95055420
417 180 285219430
568 792 114565149
550 852 68135955
808 244 853632249
131 689 200737480
9 168 599233509
308 0 993459391
639 630 958915140
544 782 196623682
862 198 250291607
279 4 179526305
600 638 939945019
695 490 416355348
790 404 513990488
654 101 599003719
87 264 78162300
558 356 742433415
0 775 826289988
770 976 79566302
947 812 714865901
530 711 237369073
578 810 39797376
861 105 186667682
240 982 11863328
564 730 42449475
325 853 454473259
603 143 10853598
124 104 357031986
262 522 41418141
694 387 267131310
95 219 833375377
845 796 865396527
976 702 453956043
309 738 369945841
983 786 316909640
285 329 426587069
181 417 128304180
739 415 315367188
10 82 81539760
124 279 630399613
318 237 814024080
716 450 847399354
479 943 316786059
652 89 52166186
628 232 215754556
390 370 331893061
292 793 304956004
261 280 183374589
303 512 947769970
232 671 977365053
89 259 271849465
422 894 939232079
531 141 131056122
909 623 133920627
147 937 158490727
197 950 186388772
944 313 131487054
700 767 293046155
49 862 155800504
353 933 879796694
971 508 906725505
549 539 411197973
655 452 414960462
746 387 225744876
62 87 682820769
823 401 905992745
645 285 377767114
376 88 444625346
101 678 742060187
609 503 334891878
660 945 69082395
897 509 143441945
552 269 835650070
598 452 973109139
682 860 504306421
311 963 114021625
208 173 695279519
642 237 131736957
756 479 557440632
447 660 82547438
698 527 421069697
208 763 416330328
48 320 215169241
818 70 99802968
345 829 246432325
6 356 88792493
949 43 67337591
134 340 39727762
481 36 133352057
127 813 231790749
577 589 843956111
979 417 589848483
560 896 148851934
232 29 866277788
429 503 306153479
380 413 803585201
53 967 906449996
396 227 896242557
542 976 345290250
571 249 68155255
464 758 767525806
509 841 540433537
837 198 253524439
428 946 278846026
82 902 508521233
914 716 572446692
627 632 803609536
811 420 414553589
180 406 297826856
838 678 241749055
603 990 866171489
417 30 4455597
723 688 391189399
890 930 818902511
296 720 660402323
236 552 621739039
990 409 29998468
401 666 94342048
722 316 229188956
84 644 371604344
424 231 311609399
917 857 146553253
912 722 737990282
49 366 114517113
416 982 784627387
429 82 393730195
702 224 10965253
905 972 26285457
665 866 411170333
413 501 196625271
47 748 250196902
41 461 669149252
370 145 458991143
778 261 635535851
810 851 533654406
458 70 872492084
815 964 90171062
32 983 330791171
113 287 174059438
234 516 320385981
190 848 917706810
655 381 157069699
153 277 951836687
594 709 358040453
50 801 307382593
314 682 210607923
447 50 480246131
898 3 884659924
361 779 309891437
533 635 140055129
494 932 669419968
554 321 111925059
202 293 627678381
212 488 704849610
36 727 130414448
775 812 56074384
559 984 505815070
748 224 724429888
997 957 237298599
939 717 38590728
42 647 561962552
400 526 554827471
872 572 725179283
284 402 298501015
411 965 740352036
39 506 216558943
615 894 458682783
809 657 42527712
541 791 290630210
818 560 497099247
796 641 193160079
413 185 343774149
753 165 832335906
318 605 816891980
194 114 622470312
675 859 250182037
467 921 600622693
393 415 12653281
403 654 777776004
735 228 592876704
495 325 374204088
179 731 828095783
676 718 586322465
557 269 390285950
675 2 115643384
583 273 689316858
937 311 384758647
405 179 524064728
761 879 817370942
356 158 819130743
640 990 3949901
878 342 474327739
36 592 937131500
674 385 414592015
341 472 898446118
432 536 402308474
947 595 955464841
288 334 703079817
150 13 302964800
232 806 806485218
421 425 600067258
805 275 82152080
743 911 550693240
858 792 489486856
798 465 191563704
853 867 774052520
906 800 484196273
501 770 908368742
845 548 98671500
855 422 79563991
55 658 205665568
309 985 875206226
360 382 993727486
508 349 487853948
784 706 958676986
506 86 518030966
673 717 82019313
839 31 66039228
595 598 320124748
677 344 675796816
738 162 60214788
591 598 106746473
764 660 838171929
79 365 131997510
257 628 251925337
922 564 129727686
792 455 547153523
431 589 862087
333 330 431147039
485 91 102640349
141 399 792607307
826 156 339675512
314 122 918586311
607 556 534239161
582 709 957716347
885 167 671049739
114 381 520738069
917 210 28262370
788 863 912682083
567 533 690020960
616 76 436729163
871 952 748035879
60 510 922687122
348 171 654445602
78 198 205666453
769 837 640481688
934 462 973107266
426 587 126514476
500 605 268546422
810 330 11007065
242 248 454343765
929 426 610880479
774 760 767506407
834 836 384482321
98 403 311459923
794 301 285221365
935 298 324585508
976 942 844408600
149 435 66610105
710 374 84164439
268 548 222484530
499 752 911872081
463 951 17520329
331 617 234875331
735 258 485223694
2 152 464120261
290 292 402583684
744 268 257507498
132 94 362264594
348 563 960357785
388 746 43542303
670 345 129993648
504 123 289894102
28 301 968673442
940 790 212197779
146 304 43449376
192 575 69504911
206 400 246058960
940 360 952233504
350 602 907473642
511 427 410108934
186 670 60661910
8 419 704067147
361 670 193538967
796 255 123862784
575 695 473153801
994 571 608755732
57 641 180285566
558 510 230575336
829 960 33172502
424 486 500344706
739 72 715077091
855 929 966525561
535 391 236578835
744 73 300207856
563 204 344473831
995 871 239220054
511 2 339821601
77 115 920536257
748 121 619656151
94 98 390037218
868 494 834243401
671 315 238315883
733 385 34550885
304 305 91272947
794 156 610742832
103 754 536881239
983 217 748400458
264 12 89709689
463 87 45580127
632 232 322612850
500 34 282906691
862 668 707025514
704 867 532699522
903 546 777795545
261 838 376359734
586 101 365956548
327 323 73165496
291 750 397234148
427 320 121600011
845 86 533942190
175 364 280288342
882 177 514067087
972 114 178293638
730 302 503894416
812 320 830725621
594 52 100134774
202 984 784047445
666 593 72232125
730 144 302147757
805 962 592898697
272 726 326173325
997 447 64332613
46 398 546480094
116 626 613882698
104 461 528011546
820 166 276194206
160 70 583905367
301 180 893250603
757 815 392735007
239 533 867699471
288 895 40150023
573 507 276474471
726 943 283649059
621 241 872606502
192 572 186481838
124 347 501616229
721 370 513144353
681 23 656692956
464 66 841494911
231 85 963615240
385 216 57098555
30 743 182149042
561 893 643632198
504 816 61878267
369 618 118278827
8 6 328305592
100 245 559386977
453 987 974589117
201 353 212411243
356 532 545600356
18 127 413199375
378 732 197306412
135 633 142349061
665 515 774406393
787 982 973370159
294 837 531969211
843 393 761306367
830 539 193486024
782 91 742186868
268 505 224956872
686 365 893225584
271 491 888984664
814 395 724406575
312 88 510314977
905 502 666239510
418 295 258147858
227 613 80333962
795 462 182140398
433 871 47688028
743 505 625796054
66 494 543807780
854 438 886687984
499 656 611649134
927 633 285403031
100 627 423637553
800 80 378381430
532 217 437691705
121 80 929981740
764 467 13952939
930 739 378558432
653 223 269607175
340 206 392812336
954 440 214353154
670 357 487134857
752 30 285383819
972 536 104201698
594 603 399323004
497 340 231710650
915 247 251211582
580 427 30653324
131 14 959455210
61 801 355798018
338 146 245060689
808 838 322462472
788 861 25725624
748 389 451201846
786 606 631033366
718 947 148337054
46 591 97898574
44 564 57871558
905 394 710767329
605 500 690263862
925 90 405425268
587 805 182914164
543 852 518530524
450 923 937463309
357 489 505197267
458 730 41550382
750 807 448806101
400 566 750827308
725 494 561959924
901 904 519658597
287 331 809762689
196 465 692651947
461 574 777295863
832 602 146215133
827 363 729275337
709 389 491846195
796 684 112416737
103 413 984514182
18 150 622658168
941 967 240950178
570 607 537576853
62 942 661458633
885 217 196984822
806 712 981023116
586 739 982013620
644 107 128715535
99 426 846671373
410 13 249563847
154 264 318922741
343 385 978235629
233 826 740472028
839 614 100218122
3 57 725427793
650 390 48242609
717 428 419402494
773 737 380131075
705 279 233437527
338 886 959695280
300 249 746938121
942 918 571852552
672 552 530474878
157 94 855001286
779 173 916145920
662 278 86151633
602 174 72363598
765 997 54006315
262 829 57282490
838 541 245476211
562 733 364090363
478 300 336227828
267 795 315021918
312 955 789440607
246 397 415008154
456 495 589312841
263 272 495305862
61 560 495044489
972 445 919976784
790 146 526750913
540 226 542437359
125 457 238529221
802 683 604394221
408 328 231399081
475 332 715181169
927 528 449905716
914 293 53629592
853 27 355964434
40 680 447379424
58 974 56071735
696 342 310240942
234 351 856515820
975 819 320829582
952 466 328595356
351 68 888481248
757 838 708435129
62 790 467566836
941 757 31841424
14 888 376621143
634 88 420628469
479 75 176496611
492 651 630241243
339 627 215292770
437 990 362762065
898 511 292525438
653 583 807035821
153 142 874013162
860 903 686178534
192 956 314262030
465 973 113285605
523 304 3650489
215 166 560547718
425 898 55430259
810 524 111294778
933 317 350452384
661 184 763632673
859 841 102838561
117 47 775962415
390 310 619797827
161 313 278729259
346 148 838972477
43 524 331652288
120 702 988333654
993 254 854838225
988 46 803647024
148 109 242237757
731 694 86843910
966 56 350218947
697 578 690636920
614 580 503948246
631 560 324982237
476 476 337472633
633 479 12575900
357 609 143056198
832 13 211693936
464 304 53417557
102 469 258363010
339 562 191923545
553 182 357820927
144 681 259512011
91 748 788390507
565 323 223918647
223 531 562027382
705 320 815109211
77 356 142878386
174 156 47725574
930 0 598142253
192 443 790620077
876 406 801356749
345 697 165868136
445 935 982353615
637 680 105645003
378 609 451581015
733 879 446911828
238 15 603025762
572 378 540181148
565 274 239189466
194 182 297204435
375 930 436218500
451 358 802929363
623 361 213108845
489 563 126799794
607 909 771600355
740 409 730967354
635 29 846846999
299 721 693786091
986 257 748048478
956 486 918985297
245 446 927688565
484 337 155146079
794 110 175899359
974 864 273800405
313 874 813429767
83 938 635956945
677 330 799656004
659 974 48476929
912 222 188021365
937 372 536979633
525 557 511256514
10 320 175464830
699 9 624450812
984 604 298378111
658 364 720225322
240 685 191184554
881 937 423942817
231 124 917751129
826 189 72445643
682 272 506112790
332 4 122220976
233 467 888242310
832 834 668181300
824 128 759087052
282 276 731694207
988 67 467819002
215 460 315944212
959 311 385009147
933 281 668162990
876 290 987432367
867 668 750411156
460 837 548133060
374 40 983764838
928 51 921202578
937 99 234920256
225 203 878491810
473 74 50768673
91 885 207859717
750 327 585816213
938 652 974289028
85 788 271762695
704 868 585770661
466 558 244886899
406 907 861052928
835 690 979361135
763 913 445710883
241 819 626800543
494 136 62303467
286 382 512912574
234 484 419950786
446 260 223046261
597 21 132399320
570 189 32822179
357 497 508080950
623 548 43432708
999 329 478858069
539 878 28905244
887 841 412114306
161 877 244918494
41 296 458887449
440 206 346743461
969 302 737736460
970 309 91861319
983 92 573731919
92 117 265661042
878 132 465424297
424 759 24483392
560 266 37400698
954 535 675624072
971 254 336267420
762 911 367664742
312 951 127011674
636 408 448198633
993 776 874428697
662 124 759583695
546 65 244451900
696 350 563821301
683 566 83250100
307 175 634406318
521 531 129248844
309 390 603458294
530 875 70828852
32 650 992579968
502 757 73579229
869 478 799381534
656 496 987470810
67 390 649206734
890 83 931381463
271 236 146182029
553 972 433544192
790 795 604278780
531 250 356601110
238 29 544254219
30 259 90469714
692 361 920083863
653 991 641321026
996 752 678804278
101 898 174107979
331 569 289099692
723 354 691115641
295 716 346227333
735 175 265739168
716 28 371526400
444 263 832928726
848 579 103987919
390 867 8882085
937 773 531503457
588 241 377002781
169 159 310173063
416 147 419103425
224 93 221674026
319 22 883731198
398 257 596658901
727 405 392734629
271 976 780042320
551 650 848940288
390 952 834576549
771 433 384364800
664 873 282620393
269 201 62449402
407 82 226433706
895 789 864687555
805 888 377125566
14 185 69690998
180 82 668113150
744 222 372214950
341 100 514739056
107 876 412437746
29 188 118375287
831 616 168977868
278 167 869882683
114 678 89896776
357 386 803064499
825 937 871674174
791 704 3917386
609 779 786493430
765 256 931780973
226 891 717888006
868 997 532458039
946 66 694486123
232 32 342217755
513 236 629251786
791 671 127031951
618 97 764193057
645 299 356342260
652 779 247741364
771 61 511952604
245 609 478639017
458 457 485959713
251 810 859600976
614 747 326896999
929 856 978282031
992 99 735850999
107 482 986674028
273 478 902203839
457 706 410397549
444 427 429364300
686 586 796174691
621 691 647502038
62 628 227761954
38 346 210319499
25 189 286698855
854 646 456509748
478 883 12410703
702 740 953487993
183 505 182755080
822 687 886018436
576 2 79426512
772 966 793105267
462 130 518901846
105 198 698710009
790 980 755380920
44 834 208137788
445 699 825866311
191 440 767067388
153 482 759307573
874 581 163645464
965 756 459558019
976 41 25633057
961 484 224509183
531 459 483085465
364 796 353607708
236 145 635438564
549 212 232910496
926 908 761028692
560 677 445900939
437 308 34522247
98 798 533549603
808 999 110170830
24 348 626661113
482 952 347754126
263 356 829359076
998 772 180377062
82 855 535632434
237 972 257143484
943 328 767909264
307 688 506334261
632 432 33175025
264 540 6529287
23 540 936751995
705 217 220613084
927 728 604350387
238 97 875063175
790 840 734300830
328 876 712363247
819 883 174361086
93 18 88139433
656 509 579531316
922 762 117592842
280 250 421891040
685 430 10164259
415 723 886139145
520 967 489531516
978 171 845891505
99 536 154291871
155 102 309449151
207 369 275783285
488 506 632543528
91 461 499497288
755 659 701462228
140 566 885366887
736 920 887940007
867 580 262086817
31 500 515133528
608 467 494065746
147 442 301778999
433 204 210627756
915 610 359349397
552 853 561152668
490 253 370956946
143 894 73165127
285 832 689178095
758 419 200693244
587 499 509275785
625 529 95069640
302 451 595768563
753 88 361429503
329 270 470252123
789 932 707168620
154 485 767011696
447 855 325665360
743 709 195685504
361 612 469833173
852 293 221222126
692 513 71997253
172 615 391118980
688 307 498218962
922 762 230070742
934 640 751786078
837 821 226167978
529 907 282139383
988 600 581973653
93 232 311054202
263 98 527475120
14 75 206311580
947 450 859423249
148 707 37974189
148 56 421322109
602 647 607587304
176 942 145088026
800 899 644499001
429 256 73803470
871 426 196440048
568 20 773951813
57 325 665929468
115 107 516234908
603 747 703419818
566 88 46048144
633 75 258163537
102 440 470212488
615 818 918400716
908 371 448349129
918 928 277326405
350 220 287011391
991 385 434982377
417 410 608517816
360 117 112538899
562 117 174873756
970 147 240302583
563 958 825076454
239 112 615958685
117 930 372291955
799 782 789494092
678 784 195746877
731 282 127125161
314 841 263109064
335 734 721536715
878 947 52670730
543 487 884852129
703 389 439649905
703 355 571158126
372 665 22054950
497 731 857538751
829 752 224372212
552 33 128315764
18 290 843837293
820 342 166632642
442 497 846432843
722 817 500814739
560 230 186551171
808 93 870243906
371 33 769729069
182 645 762682514
409 964 870032645
424 601 907910870
467 607 201198879
825 131 592292489
424 4 351660359
543 239 491316469
808 756 341994916
84 997 961553727
899 19 271166222
161 731 117458070
817 636 441927719
125 836 674265961
819 378 700754626
695 158 407924661
350 88 878639564
783 921 449401482
88 246 71832544
854 136 930871243
952 942 969257418
194 434 94617396
997 667 249769375
391 114 930356692
66 460 990627280
113 33 738492557
237 372 419599847
216 190 867014864
831 320 578909566
322 981 986080430
537 247 725325335
715 111 928753718
240 281 587343514
237 412 555449268
645 453 909078306
517 66 346858707
854 53 388272400
779 986 871341170
736 948 657342583
763 840 369704862
5 644 558233002
127 128 475813902
998 86 887368367
797 386 147016800
711 81 936811682
855 844 374875594
971 677 461186847
755 693 159134544
781 353 405063921
366 617 410732106
119 42 442441485
718 337 746314855
757 65 416739524
445 148 86678627
552 28 385696283
161 200 630942998
951 508 82659354
722 268 501828715
4 84 129628860
282 627 219102398
457 772 181806652
538 849 101025543
920 856 309522563
878 132 202753501
12 621 836861326
407 382 833368030
668 893 252442143
513 821 681117388
332 641 228406404
948 444 203304094
143 803 289709951
999 252 573388177
607 647 704539203
436 779 677802018
691 550 991507289
15 49 421231928
202 358 840818008
1000 599 20030301
120 965 607728411
153 652 114400073
480 46 778788610
570 842 214205298
310 718 358453400
52 484 512237870
137 979 349986354
665 120 581363990
396 0 216390305
371 715 754430018
538 37 479107484
977 391 679540473
660 629 417529183
588 645 971505463
459 957 581639859
974 986 409077882
659 932 436962742
445 896 125014786
469 434 956211562
448 349 760184543
470 944 197813940
179 987 615971483
780 999 654407167
135 541 755494595
897 660 262759767
353 48 252678358
988 251 885761755
344 406 517521217
521 805 889271785
401 92 169988049
81 305 599677356
690 297 469589855
871 594 79942625
412 530 456034191
166 312 454136680
684 357 646848011
282 375 22242680
447 381 640726482
353 564 831379415
697 81 944288648
660 38 271445054
27 216 624133029
274 786 266715005
291 992 884700475
681 632 175872607
843 239 852657373
552 5 445457751
350 104 817742156
930 934 344038248
749 193 213387201
511 62 487842517
306 93 106780927
757 389 362269003
260 220 765075541
0 859 373225310
804 341 833452115
167 848 518472856
923 540 883264757
810 652 342688712
623 27 508366919
703 542 887353338
185 380 20027842
191 998 539220071
14 292 300879958
707 405 449027867
232 469 777475284
360 134 752364332
739 565 131203904
83 821 387906216
966 888 194848803
166 439 257234463
847 19 159980724
571 480 199500141
469 490 32236608
307 808 94602613
908 198 316436202
219 163 328122541
703 528 429952650
814 629 542892868
517 529 737843523
204 734 95701131
685 266 393602794
4 268 862422834
359 590 557528977
791 377 594894769
885 735 957519183
391 586 997697517
80 877 552222694
625 171 297466625
413 903 348335446
528 520 551486727
618 20 780477199
127 802 211382209
959 905 69308129
836 66 958549561
798 262 308091453
285 645 55769229
807 352 97387854
488 209 925761515
341 1 471740894
284 407 675829683
787 770 312971240
219 130 753194791
154 177 149089607
424 877 82628816
448 816 281021793
786 988 145203500
302 367 538446791
649 86 671484357
993 894 407973766
884 445 640525518
548 786 315216640
212 439 25866194
746 729 499285511
950 945 237705608
93 169 204017664
151 190 206420754
516 474 680887207
441 993 510262142
722 127 753848542
860 195 390564661
445 999 996925350
185 478 130627888
826 98 403085280
305 757 28995803
420 571 707883503
339 271 481721921
106 829 998931166
54 397 995898747
906 803 269278337
37 301 723300500
567 29 704197897
831 292 51714677
808 123 306695351
249 565 50367693
756 125 929672881
354 600 537635144
361 43 751599576
718 748 390079843
753 396 2885193
676 338 781639349
947 350 291615292
478 647 269087952
239 654 290486164
898 850 172833493
205 93 656904620
169 485 133200450
313 447 417123868
244 172 936707978
928 221 904151839
342 679 195288601
933 173 869759421
341 472 881885239
492 375 479516646
520 793 233305769
40 725 851846119
738 42 211406772
747 37 801147124
313 364 409442007
547 676 513481601
6 823 849114262
760 412 657392297
935 127 382945050
715 777 730562874
622 384 613909362
669 347 866891565
742 895 813387620
790 263 311934168
660 413 90272544
248 975 624416228
314 885 59564592
373 618 174588847
610 961 228018384
210 174 737457140
335 807 550776211
725 729 720025331
349 552 809202374
127 609 165748158
107 871 591478867
495 333 788930793
843 832 278861312
315 597 137846940
566 176 846558876
642 831 784833281
452 155 679449177
482 736 885658691
843 290 723999951
289 390 898174524
1285
343 582 910415747
954 557 598393931
553 317 222825034
156 690 211199846
382 12 291960873
860 409 186815509
730 170 311997962
292 170 118384284
592 313 56888410
377 734 713650814
394 227 852304189
651 74 402111676
922 673 316133707
93 497 236589234
110 782 678866268
152 412 433106035
507 983 526467839
630 206 23077111
512 675 970328514
46 755 811509034
22 407 197864667
742 110 434218098
734 914 411091195
433 230 737987394
922 422 266369143
556 536 870446074
182 254 970448948
268 435 595402537
930 884 438256116
942 743 15834572
909 632 146487882
557 686 235272387
965 394 196566262
865 836 654671051
40 345 564025305
711 763 635707537
431 323 84554551
157 418 177062052
408 752 374988492
979 797 216705124
912 331 724410724
698 221 927485041
658 293 56013195
731 451 726855532
945 321 80530859
159 527 339346381
87 656 718486995
715 159 808180982
877 790 600661803
60 266 915640881
815 855 290941284
368 713 221847414
375 241 841853293
454 908 736909025
731 936 116954698
448 839 857328833
144 940 423949270
146 921 252324542
199 581 857530178
782 989 284858146
595 869 121050282
537 321 524274771
513 448 133565890
425 830 256589538
334 63 594254366
584 436 338705376
284 258 826890249
506 304 285791547
456 900 751899896
16 897 172551020
91 74 892677700
928 932 702433284
764 750 131934195
738 889 736479451
980 37 737731994
199 439 128477923
528 965 479488607
725 90 199950085
508 219 936846071
803 608 27477465
744 112 453190650
963 443 809526511
286 789 472937501
904 803 148151940
154 878 963577583
920 561 659928341
794 268 497362793
149 869 216927625
746 86 843813013
208 680 745831399
45 158 42035683
449 323 534320695
447 986 459924222
625 586 187311947
607 529 885131908
905 115 120276159
732 321 515427475
722 245 81078628
511 588 962033158
344 149 432173417
200 781 250801718
321 903 354780134
833 659 810688431
753 619 630528177
646 606 192358091
602 954 553073963
914 537 411023260
301 879 492907010
375 366 680578303
812 695 189077604
531 305 529919534
911 891 956595266
249 567 365131238
977 232 876364172
984 178 116967861
679 240 292764332
207 30 440580028
742 968 144084484
202 196 661422771
743 354 347675652
384 548 669566361
464 243 589662256
195 735 972185416
768 879 165037994
542 808 389642515
137 983 596058803
216 640 747012150
23 476 186653579
108 862 944826000
944 105 10513664
611 1000 815237515
586 238 897251342
981 178 149260107
298 826 860282737
356 409 674134060
941 648 487119840
94 485 156215814
344 997 114637224
937 835 637719847
117 79 47246899
290 76 701870451
19 215 625425123
840 962 937316869
831 148 90875695
553 209 618468138
732 977 795868818
529 157 82533055
520 819 317170371
38 511 707366248
286 718 699333358
472 638 299232420
404 885 798434370
971 455 226597967
584 978 22308584
335 849 788703467
852 298 841332169
182 616 608461714
55 344 264490937
391 247 3602221
966 28 220226234
60 348 385739081
663 229 909952849
174 50 995835503
328 399 640502932
203 115 289851379
612 248 51812213
951 609 553116593
726 654 634404170
31 248 613192597
377 708 736232099
342 113 507537569
992 847 262133600
580 78 48265143
204 601 134281194
232 258 344852111
97 836 315542763
997 360 853908986
23 60 926483696
57 646 274364525
53 295 565600204
358 407 713682120
401 226 388120481
824 219 565621744
883 143 222924308
377 847 547820459
382 966 716150389
220 150 683731668
208 749 912552887
216 251 552741404
266 990 866951595
982 141 149864598
215 571 401292619
103 229 201372536
379 687 999365834
996 606 830973324
461 649 853109717
546 451 436153401
439 294 405057536
896 470 943980633
418 14 808264438
371 593 492533055
696 314 416410572
585 291 162702467
925 162 861930082
357 496 676766673
563 73 455954338
92 827 356251451
58 248 751126550
750 258 11966547
844 71 442791923
928 676 363761138
267 293 574804612
268 505 598370986
305 567 49744967
916 276 163241728
113 588 483789057
237 2 767931200
574 176 116062137
406 367 700839569
847 473 883102094
789 569 226785786
25 546 668362499
211 738 506383659
184 537 185606970
823 470 824278409
542 188 706502469
1000 653 710002922
85 881 568326993
432 533 45620490
500 440 24248496
81 704 59153209
721 693 110929941
716 530 677796905
586 506 803344855
468 171 182176616
832 565 376795491
790 487 290523736
782 645 671746300
619 260 987016810
979 963 396390670
836 190 287067954
400 959 209013573
408 433 679183876
846 661 657707617
363 142 84903354
113 954 541947010
796 113 650758278
307 655 865235321
567 908 39204944
479 981 276060991
216 81 41752189
915 520 15871200
475 590 175434428
800 505 178608826
308 309 855642199
900 292 923403733
218 942 356995718
196 843 727374083
967 725 244695425
108 881 29028429
148 776 691859741
460 412 53345125
39 346 804034118
576 140 427989589
268 198 817937306
968 25 382817533
700 533 831704121
704 647 133116112
238 659 406352884
358 467 643546100
700 318 815967434
257 639 595773068
328 485 391994619
992 491 447520590
300 344 36091437
955 237 271210889
856 243 858137836
653 77 950568658
632 465 953679239
516 467 539161500
737 258 441718682
179 844 934162867
303 934 779190252
340 662 208564982
428 78 715827663
16 470 72486680
36 262 935985480
233 299 145258743
285 980 17330936
807 918 26891344
783 985 28572830
515 922 326931608
827 914 603723956
359 594 844101164
392 48 895798847
326 455 3637079
924 900 595405421
604 278 858350644
686 409 222674704
481 383 345511177
532 628 442956376
643 376 897066665
779 759 100534403
117 570 985808434
154 372 477898658
372 776 443355951
553 107 980496334
403 271 892866533
781 504 107263752
87 188 595163412
365 173 426083014
526 132 953855208
112 189 681041612
329 377 163972163
917 11 348452611
823 275 558544248
925 581 689873212
521 963 564986486
526 207 777978895
37 927 108755094
626 640 318258888
392 365 434919864
317 415 114879751
622 92 70355943
438 805 982762870
189 371 244032086
257 73 296845827
832 641 367493130
688 189 25897777
741 481 227937708
109 822 208341198
867 970 907368178
577 735 935141344
162 546 758238890
445 389 831940563
8 360 154327839
407 908 823706538
44 164 104141164
367 959 659431006
788 757 280080255
910 597 524830598
118 12 845917654
981 320 767210629
382 130 923284176
351 625 473455777
659 358 37099609
54 620 143579924
139 876 242986023
580 429 489526335
489 861 646544271
381 974 277529791
365 62 170891142
942 209 303753719
220 965 72337378
705 117 838894712
234 550 319413776
381 368 611434785
366 301 617018129
345 582 125818598
112 546 865465148
483 710 269061432
446 909 569657441
629 176 783772517
850 274 227524914
331 474 308678838
46 889 848806323
874 99 922099196
424 142 766359554
654 575 944827864
723 702 11934480
168 381 324128356
32 351 69863019
77 306 4314241
853 908 524140368
946 8 122964490
841 426 503213903
920 121 43940610
111 698 937244264
126 569 25320612
788 432 183233077
903 376 874532682
706 719 382504993
110 955 203804729
15 573 382200813
760 321 589645184
396 116 67054421
302 271 927916459
797 244 77836765
832 454 480051943
592 731 432975902
660 166 812159515
839 746 760747878
599 259 598748957
479 461 677379487
135 116 930501022
230 56 806610987
410 380 440314131
594 428 723633258
667 2 368530582
149 847 220392543
318 68 39938210
210 908 41152668
226 516 479592888
1000 256 269254229
286 819 353985465
610 366 939143936
561 408 474284320
785 87 760400297
246 319 273166528
837 376 863279568
775 869 494849567
42 311 934786389
742 310 96303230
672 376 302464994
377 140 429595772
20 850 534999282
765 692 663077301
563 861 580108332
277 965 114288402
564 934 890222566
161 845 914055993
375 674 51990150
737 308 573655737
759 26 862313824
900 849 877809919
517 367 126387519
260 606 813040985
320 204 275196438
664 772 212465365
746 92 676909529
386 370 632706066
350 84 817929617
965 332 827904227
423 275 193136019
280 208 343342846
617 890 142737822
552 986 473573217
943 299 857458394
386 637 144878631
551 419 211278729
577 926 236769426
692 626 99246301
140 348 724624836
667 94 962033283
143 938 412717367
791 717 959650162
927 689 559127526
549 222 4872423
68 493 896661902
550 982 975010279
596 757 316781874
837 164 275461118
393 372 821162816
862 298 203570934
755 802 136063514
349 130 935089199
85 482 280159080
250 44 275254690
724 163 731219970
322 962 76412851
162 356 82857949
255 258 394398742
749 645 788247589
248 811 287133225
118 13 293338618
952 720 504597323
504 391 995890264
671 647 883704462
324 788 503344981
711 277 858837688
546 938 427656725
172 343 74604573
959 128 284628624
830 448 92882404
23 706 145669557
847 844 875110032
404 811 582541281
158 213 676941771
77 255 141404859
348 681 204684203
585 382 578563880
745 291 638550916
533 91 993500862
882 966 267870644
233 147 961314362
731 333 245305749
583 809 50095293
515 312 821728799
98 940 372966377
208 129 609380538
283 591 389996626
957 593 351581622
675 131 452138761
911 501 278513435
529 948 789435016
383 214 271231725
36 878 15931158
746 136 176956783
751 665 883482425
86 842 877698235
815 614 948433200
164 506 920640860
400 20 856817154
717 665 171036519
589 952 165174498
850 586 137496441
522 994 679622478
198 785 505765995
801 963 397276700
902 905 70249120
702 793 984150992
775 385 340551319
667 775 164287665
160 137 465921320
587 678 43384620
797 84 286229613
695 81 126379842
144 339 219015784
461 682 514063502
427 692 199354618
40 735 484398750
200 327 920695401
880 674 142550280
146 717 908047506
783 814 560600281
431 590 44478527
986 937 814370684
314 515 50651123
167 529 635589230
888 811 158266551
190 802 978485579
874 809 191545726
214 70 252642891
641 709 438040779
911 297 820267543
831 19 248071941
763 416 581235905
918 914 817128189
304 66 464112156
124 545 134553877
32 854 510948206
84 407 262024686
925 702 194229247
866 710 483348522
251 836 771620020
281 81 505067428
538 552 212207005
26 366 454036535
569 603 372009440
646 900 883312999
288 559 150029509
489 547 533700851
50 960 393651123
334 939 521764061
369 893 689641690
212 860 179735456
791 93 862850394
859 863 157777228
692 927 493640944
164 116 125321896
830 5 487071563
125 725 424490614
16 32 252291846
884 33 455479260
320 196 457431339
277 997 180453755
204 41 669164694
148 846 104175584
732 878 762166498
504 286 963723296
164 858 542571002
658 352 936006793
652 215 757392519
149 44 959971098
80 243 421178085
491 896 463500396
432 14 877291272
808 290 698678199
732 814 307086583
217 640 657948827
609 387 982847589
30 587 8571838
250 213 88403967
448 791 837337944
414 713 14276445
70 825 646610259
530 261 683459332
981 9 424577667
734 46 37270600
182 986 308356361
126 154 205833686
196 452 745798114
448 940 784418885
596 233 579962844
489 547 991835225
600 44 695444260
11 331 224822053
33 359 181701835
268 961 76957569
960 756 985305195
172 708 816778240
345 381 524544324
556 526 470937463
115 960 68958281
411 986 75308739
432 486 525410723
561 707 760056638
702 426 389941188
408 949 682878349
233 918 357887696
469 627 534336955
398 605 108393003
166 500 952874178
279 440 441054042
972 190 721923573
69 497 909192831
85 631 390575866
710 45 612625465
905 139 959352623
503 144 356268695
883 801 928420343
119 596 387923903
677 934 374640976
730 228 128299075
421 306 803381284
127 484 954346822
150 312 400416666
8 199 100581123
730 888 267787666
497 566 493614147
47 551 74913938
608 521 724150121
393 755 99355151
782 633 967560810
516 642 154130494
876 506 937735492
817 820 77212528
821 920 263694199
70 32 218312930
294 22 493155279
55 209 453401639
265 311 165424319
265 682 582399728
16 873 90046531
805 335 151959343
851 446 117482982
979 185 229100872
357 301 268533984
652 710 902246190
946 92 668823088
299 406 279841715
862 18 664725566
671 151 966910224
198 412 280208904
477 626 719975212
323 910 188053310
508 882 165905598
529 853 491596260
389 63 745852159
843 568 916429717
291 465 138096197
891 401 916533396
197 34 395706590
513 977 584984549
964 483 91927279
345 356 446610400
457 838 879249356
81 784 664698618
290 999 166587481
179 570 560206998
603 160 678192859
753 400 203138934
51 855 300528628
965 759 23755902
930 456 505277037
353 671 664312491
653 225 416591106
449 962 168320203
364 414 219586758
531 155 598678590
102 635 43129436
156 579 74326324
54 326 18391829
132 769 859655608
702 87 630911270
240 276 40085871
719 836 34514617
29 250 926382962
719 482 579484605
873 228 961332328
794 676 528795157
922 154 930180879
358 387 483058530
583 907 119710185
459 479 404303968
436 16 621853726
411 341 50130619
982 167 436181688
288 990 824054468
624 241 202356793
294 993 139744518
147 908 934786132
440 75 90053653
225 701 846418000
205 96 103864211
962 771 210839666
373 655 182193794
589 204 97484856
600 443 138337599
509 483 690032534
926 305 10066630
591 266 820997735
664 42 307618691
61 32 753168732
762 127 875190414
66 858 120039582
417 529 210434178
969 229 709262440
634 910 80784958
493 152 8779150
244 874 786155799
173 241 909163783
815 367 146077821
545 879 921860019
664 257 354903437
110 99 281938213
572 336 807672474
369 823 16671837
169 407 676889755
152 78 20023041
303 301 941998934
399 604 361199721
70 874 72037808
925 562 369056764
904 971 441665813
687 720 613769653
922 818 359660900
111 706 851659652
840 251 486399260
626 959 334275518
545 859 100502198
487 77 211859766
768 298 225472885
427 271 406575239
185 899 800680526
665 398 629519711
213 130 784635692
628 42 512625457
353 154 221818675
423 138 349138548
450 235 114749240
7 21 16546042
93 191 792018110
52 213 211764298
85 444 322384802
810 158 135479463
81 606 158931336
729 189 55741549
446 706 980742985
275 60 810596106
17 105 289017591
847 370 979012860
103 52 944493835
306 528 81962699
311 508 487769129
393 567 156839644
776 768 396394802
21 371 969478764
250 635 9810847
711 558 284413924
467 158 526070869
553 651 250828141
827 713 602881019
81 46 356812640
584 40 186123778
637 599 170217326
674 328 191451160
23 541 904470349
200 786 231815485
909 212 35985351
142 879 831051491
494 415 988280432
45 867 365332458
655 291 504745373
999 438 383987893
821 122 545991339
804 100 961558211
946 249 955471886
324 414 234676837
419 195 26968246
224 225 995092890
59 731 340293379
377 626 802847955
897 233 444748391
249 861 562721521
92 362 576574399
821 901 916535554
943 827 859493581
135 419 818347845
828 825 855765395
11 645 816272778
343 299 292233383
429 417 76001749
80 335 168397231
127 144 174216030
615 267 389293204
809 350 351423464
183 764 592893672
149 960 123922178
406 875 397233609
19 99 61092317
267 24 105900915
865 648 345944992
5 149 762986219
919 646 817788327
26 975 7762122
510 384 665860833
123 756 124429841
422 909 792731336
497 837 109554157
49 344 383579071
453 484 600532593
902 551 67815971
185 945 471292290
711 372 822640084
629 398 703722061
46 88 608386821
886 257 28223678
996 765 432889374
71 138 664668091
494 353 625730899
511 87 229710409
833 461 290515948
451 766 49524379
537 127 222237298
224 166 937314010
5 711 504102856
952 605 100600982
848 559 305931996
179 585 650415660
255 90 43421644
517 600 109486644
638 274 749436754
218 193 323439359
687 692 588963238
483 504 453030110
878 573 263812331
556 585 916284095
515 874 658062851
921 254 469892250
707 832 726648869
233 793 997124518
487 948 404424113
715 855 329077256
79 623 552691465
410 900 623297515
762 377 216157085
484 83 117060633
735 776 211340433
963 0 26552625
778 266 375512707
718 230 765809187
270 230 275902095
950 251 175844259
848 912 502680543
246 274 455471318
108 462 383841259
159 569 434580834
755 14 863214241
737 896 252852331
846 324 464037314
264 360 452848387
850 558 52633554
95 797 873877603
500 1 41373103
643 246 380417566
353 801 796008345
475 896 800702507
329 611 465205144
609 526 462547884
821 7 358776482
448 963 145313645
228 306 4912220
859 955 448542181
35 644 133074128
567 891 129839978
801 742 822539544
990 545 944914117
270 163 364646188
104 147 165021400
4 451 100979717
359 388 40404869
294 769 472918516
420 315 891939532
133 568 746414775
753 132 124807977
345 890 764062142
764 697 219135790
969 667 304186114
142 179 441742096
631 778 756105624
843 239 165492385
913 842 838001225
154 717 95482239
354 89 687881878
797 822 705137147
906 629 261665870
883 796 524601679
215 571 769317001
642 485 738206485
499 430 351040671
662 554 408882968
538 867 895878757
233 964 783474321
884 450 741649272
387 771 90429027
852 375 817707437
998 201 487856178
964 249 224288093
282 130 411469908
989 489 880109512
880 569 223869444
509 949 951582498
417 286 421124061
346 95 470523487
637 228 15983383
618 432 73129551
916 491 78642873
452 607 955986971
17 405 735658652
685 504 117385698
394 507 911077475
633 538 341386206
512 419 106886431
878 883 722710128
767 450 142729014
366 751 840236640
141 13 984901645
93 728 107731142
508 961 951546780
166 22 521751534
559 104 801135354
286 274 139782202
620 550 324838088
784 56 267166312
937 239 977996981
845 399 252879769
721 863 278132569
591 373 715845167
886 901 313197535
656 859 546728041
716 356 870799388
759 993 442062563
876 544 327091540
269 461 410431667
3 194 960024326
667 727 785192067
30 331 277374062
231 823 327547507
964 52 892280447
749 548 979083085
452 50 969311636
87 407 694304466
778 552 39565874
95 42 714200893
737 819 511972062
711 304 260671947
949 42 978653499
573 720 333612100
184 612 630862276
670 524 361425022
687 75 443858482
800 709 890854339
253 91 926391580
994 465 751731711
622 429 639989868
138 517 817042448
899 926 727448525
152 561 285960148
107 33 501282977
336 21 414974020
931 753 291916145
305 814 844490412
934 99 2040400
972 511 890712193
44 374 827293644
853 640 31770286
796 502 97838540
930 361 806844262
61 714 48404867
59 5 148883750
703 579 900944505
187 525 974860888
466 258 200877773
419 208 794441732
752 565 526988532
84 895 137508358
712 167 266364110
431 81 852383096
574 768 741547495
348 13 318974215
796 124 903115272
835 143 69985871
603 86 925269577
749 775 617537763
938 711 927292442
458 141 573100584
339 966 672654186
826 268 955079980
630 277 404365423
296 451 456378082
794 658 559763937
933 977 517774416
694 427 903650158
463 618 934293236
733 887 890981449
750 503 37312000
557 360 283437902
264 309 265312056
368 653 168321547
280 164 684122200
298 324 389534658
259 20 96105262
649 408 535272098
316 591 102297175
80 93 625665618
727 149 927976085
571 684 208056707
619 961 262398124
142 859 564661100
10 338 282083252
812 667 713079528
912 936 300016156
496 175 615188201
504 866 12029276
298 872 176066711
151 952 615336172
581 462 460611064
289 195 294233751
5 892 292819208
624 269 534626258
817 454 89750114
161 833 917004381
170 538 430207212
556 132 804425222
220 211 620172489
723 650 854621988
650 137 964248643
718 688 168703021
493 116 156158291
69 463 96577125
88 620 140238876
608 599 169272849
933 495 739632428
646 58 279368499
949 352 1531029
24 682 903350450
55 63 390160514
118 557 347594820
947 529 806033947
902 323 940512551
248 206 127774715
60 369 236055439
399 8 651991550
366 334 631705678
331 188 655218685
415 360 552468510
780 686 235903239
177 764 957034268
730 15 683977059
181 909 499953193
799 373 683132191
304 904 207939233
543 476 867625633
843 605 829199397
869 31 656868955
632 855 624906642
310 333 623217793
931 46 169032453
42 302 225301027
476 653 353836471
503 632 525185582
461 664 157715204
426 195 882106094
387 100 735612648
431 684 818316145
582 512 269978704
522 194 493316534
30 933 896204687
361 508 496832981
665 780 615413022
534 260 747737013
19 262 965255322
16 285 89129461
409 19 483452007
53 739 886214087
662 574 520594818
796 339 738059891
999 458 288298788
987 729 253210416
63 223 103177223
88 613 295050600
638 717 676707023
860 10 592129482
909 248 589387366
799 239 319893655
199 524 133413238
883 460 888949150
389 729 202762287
140 563 569834226
385 646 868381576
29 276 649897840
824 331 367157238
521 899 412140748
605 130 42651017
502 479 992088308
290 809 492421860
169 760 858523111
281 121 249613284
604 864 118936553
657 723 405358985
198 209 769397161
559 855 59039589
118 579 725534043
948 361 881369467
131 226 538886530
896 455 668217377
265 268 585715400
423 932 581535963
576 403 25136228
492 603 214317792
38 342 931382331
326 621 487464230
118 731 53267671
654 318 577742286
843 555 663213545
192 201 499376533
69 528 353952820
634 98 744525797
922 70 307199888
12 181 65928823
693 400 991178517
240 172 701772032
926 965 106941095
618 640 279703614
388 606 14644391
925 385 39577194
277 464 887713016
65 66 710283046
758 994 733640515
13 952 95643717
86 634 946315698
975 973 754066796
577 731 896928292
593 155 408598427
291 406 144627219
282 269 552487319
550 131 681445370
484 460 651996017
76 370 365658013
87 757 307240625
415 367 899236660
986 214 742201303
564 275 894447012
174 296 861693642
320 568 897395345
341 508 202207435
742 859 941687151
271 891 851297108
447 121 219040173
253 472 676243762
722 733 168416514
725 256 947170822
922 851 230329359
269 336 133615469
114 420 280047708
757 651 195896964
218 426 385460271
914 672 765680548
673 252 239683182
770 854 719420682
8 167 864765511
176 92 474360862
921 420 105037220
232 405 367724825
426 502 9028626
846 980 101038738
436 707 154203312
511 667 629774967
240 399 718786672
893 757 459142199
47 681 368499542
740 907 881240616
133 136 308546499
752 605 657252087
10 880 410819441
500 928 409028510
561 524 41832527
894 936 571802163
369 988 449809004
345 739 375358200
986 894 733712653
831 431 257994478
749 603 886308293
766 372 45493256
865 237 302211539
798 388 795557167
730 951 286830096
842 536 645377881
682 773 816375778
314 970 878351341
294 215 994212347
970 478 531796938
729 31 33096251
251 880 983167698
715 359 329340120
477 681 392020236
36 384 421981393
894 52 343618613
815 905 344324285
800 342 325041004
472 892 246382343
600 781 12504581
457 76 901080371
782 882 293581146
169 363 883709411
773 402 268411117
701 249 227396730
944 379 192458781
259 37 127223535
752 972 795140841
504 651 16632628
649 22 177856969
119 497 385747820
924 412 8321052
93 829 162590830
502 884 721648204
728 97 485094828
130 574 870574134
243 390 324848530
488 277 357672440
95 171 599783302
656 442 193463309
474 690 794901091
597 88 88749675
620 70 116286321
189 773 990595983
737 120 136642490
255 759 234705391
471 610 451222359
101 333 694058128
525 14 13730902
593 59 271909127
930 764 477503012
896 213 372239531
999 289 934102167
870 590 219602055
558 733 946774461
408 51 838265228
502 280 954047842
771 150 40145445
674 889 258195191
734 849 933154393
587 649 919300262
263 921 903562704
828 323 58666772
633 155 449810756
434 566 831712543
970 280 714126927
34 254 206602739
180 488 403225283
459 91 291477312
456 655 346900297
853 354 196222306
725 362 956973060
229 668 964856628
928 772 499516639
174 218 107492392
412 41 71643986
251 53 471558042
392 948 22392449
784 950 969051959
468 654 287979892
534 872 936708196
420 643 559843948
